# x z height tx tz, one point every 10 m (generate_route66.py)
0.000 0.000 3.801 0.00000 1.00000
0.000 10.000 4.676 0.00000 1.00000
0.000 20.000 5.632 0.00000 1.00000
0.000 30.000 6.649 0.00000 1.00000
0.000 40.000 7.709 0.00000 1.00000
0.000 50.000 8.785 0.00000 1.00000
0.000 60.000 9.854 0.00000 1.00000
0.000 70.000 10.890 0.00000 1.00000
0.000 80.000 11.864 0.00000 1.00000
0.000 90.000 12.753 0.00000 1.00000
0.000 100.000 13.533 0.00000 1.00000
0.000 110.000 14.184 0.00000 1.00000
0.000 120.000 14.688 0.00000 1.00000
0.000 130.000 15.033 0.00000 1.00000
0.000 140.000 15.211 0.00000 1.00000
0.000 150.000 15.221 0.00018 1.00000
0.017 160.000 15.067 0.00345 0.99999
0.068 170.000 14.758 0.00671 0.99998
0.151 180.000 14.308 0.00980 0.99995
0.264 190.000 13.738 0.01272 0.99992
0.405 200.000 13.070 0.01550 0.99988
0.573 210.000 12.328 0.01814 0.99984
0.768 220.000 11.538 0.02068 0.99979
0.987 230.000 10.724 0.02313 0.99973
1.230 240.000 9.907 0.02553 0.99967
1.497 250.000 9.109 0.02789 0.99961
1.788 260.000 8.344 0.03023 0.99954
2.102 270.000 7.628 0.03257 0.99947
2.440 280.000 6.970 0.03492 0.99939
2.801 290.000 6.380 0.03730 0.99930
3.187 300.000 5.863 0.03972 0.99921
3.596 310.000 5.425 0.04216 0.99911
4.031 320.000 5.066 0.04464 0.99900
4.490 330.000 4.789 0.04713 0.99889
4.974 340.000 4.592 0.04962 0.99877
5.484 350.000 4.475 0.05210 0.99864
6.018 360.000 4.435 0.05454 0.99851
6.576 370.000 4.466 0.05690 0.99838
7.157 380.000 4.565 0.05916 0.99825
7.761 390.000 4.726 0.06127 0.99812
8.384 400.000 4.941 0.06318 0.99800
9.026 410.000 5.204 0.06487 0.99789
9.683 420.000 5.507 0.06628 0.99780
10.353 430.000 5.842 0.06736 0.99773
11.033 440.000 6.202 0.06807 0.99768
11.717 450.000 6.579 0.06836 0.99766
12.402 460.000 6.965 0.06820 0.99767
13.082 470.000 7.352 0.06753 0.99772
13.754 480.000 7.735 0.06633 0.99780
14.410 490.000 8.106 0.06455 0.99791
15.045 500.000 8.460 0.06219 0.99806
15.654 510.000 8.793 0.05920 0.99825
16.229 520.000 9.100 0.05559 0.99845
16.766 530.000 9.377 0.05135 0.99868
17.256 540.000 9.623 0.04648 0.99892
17.694 550.000 9.834 0.04098 0.99916
18.074 560.000 10.010 0.03489 0.99939
18.390 570.000 10.149 0.02823 0.99960
18.637 580.000 10.252 0.02103 0.99978
18.810 590.000 10.318 0.01335 0.99991
18.903 600.000 10.349 0.00552 0.99998
18.942 610.000 10.344 0.00250 1.00000
18.953 620.000 10.307 -0.00030 1.00000
18.936 630.000 10.237 -0.00313 1.00000
18.890 640.000 10.136 -0.00597 0.99998
18.816 650.000 10.007 -0.00880 0.99996
18.714 660.000 9.851 -0.01161 0.99993
18.584 670.000 9.670 -0.01437 0.99990
18.427 680.000 9.467 -0.01706 0.99985
18.243 690.000 9.242 -0.01966 0.99981
18.034 700.000 8.998 -0.02215 0.99975
17.801 710.000 8.737 -0.02451 0.99970
17.544 720.000 8.459 -0.02673 0.99964
17.266 730.000 8.167 -0.02879 0.99959
16.969 740.000 7.862 -0.03067 0.99953
16.653 750.000 7.545 -0.03236 0.99948
16.322 760.000 7.216 -0.03386 0.99943
15.976 770.000 6.877 -0.03513 0.99938
15.619 780.000 6.527 -0.03619 0.99934
15.253 790.000 6.167 -0.03702 0.99931
14.879 800.000 5.798 -0.03761 0.99929
14.501 810.000 5.418 -0.03796 0.99928
14.120 820.000 5.029 -0.03807 0.99928
13.740 830.000 4.630 -0.03794 0.99928
13.362 840.000 4.220 -0.03756 0.99929
12.989 850.000 3.801 -0.03695 0.99932
12.623 860.000 3.372 -0.03611 0.99935
12.267 870.000 2.932 -0.03504 0.99939
11.923 880.000 2.483 -0.03376 0.99943
11.592 890.000 2.024 -0.03227 0.99948
11.277 900.000 1.557 -0.03059 0.99953
10.981 910.000 1.082 -0.02872 0.99959
10.703 920.000 0.601 -0.02669 0.99964
10.447 930.000 0.116 -0.02451 0.99970
10.213 940.000 -0.371 -0.02220 0.99975
10.003 950.000 -0.859 -0.01977 0.99980
9.818 960.000 -1.343 -0.01725 0.99985
9.659 970.000 -1.820 -0.01465 0.99989
9.525 980.000 -2.287 -0.01199 0.99993
9.419 990.000 -2.738 -0.00930 0.99996
9.340 1000.000 -3.170 -0.00659 0.99998
9.287 1010.000 -3.577 -0.00389 0.99999
9.262 1020.000 -3.953 -0.00122 1.00000
9.263 1030.000 -4.294 0.00141 1.00000
9.290 1040.000 -4.594 0.00397 0.99999
9.342 1050.000 -4.846 0.00645 0.99998
9.418 1060.000 -5.046 0.00882 0.99996
9.518 1070.000 -5.187 0.01107 0.99994
9.639 1080.000 -5.266 0.01318 0.99991
9.781 1090.000 -5.276 0.01514 0.99989
9.942 1100.000 -5.214 0.01694 0.99986
10.119 1110.000 -5.077 0.01856 0.99983
10.312 1120.000 -4.862 0.01999 0.99980
10.518 1130.000 -4.568 0.02122 0.99977
10.736 1140.000 -4.195 0.02225 0.99975
10.963 1150.000 -3.742 0.02307 0.99973
11.197 1160.000 -3.212 0.02368 0.99972
11.436 1170.000 -2.609 0.02408 0.99971
11.678 1180.000 -1.936 0.02425 0.99971
11.921 1190.000 -1.199 0.02422 0.99971
12.162 1200.000 -0.405 0.02398 0.99971
12.400 1210.000 0.437 0.02353 0.99972
12.632 1220.000 1.318 0.02289 0.99974
12.857 1230.000 2.229 0.02207 0.99976
13.073 1240.000 3.159 0.02106 0.99978
13.278 1250.000 4.096 0.01990 0.99980
13.470 1260.000 5.027 0.01858 0.99983
13.649 1270.000 5.941 0.01713 0.99985
13.813 1280.000 6.824 0.01555 0.99988
13.960 1290.000 7.666 0.01388 0.99990
14.090 1300.000 8.454 0.01212 0.99993
14.202 1310.000 9.176 0.01029 0.99995
14.296 1320.000 9.822 0.00842 0.99996
14.370 1330.000 10.382 0.00652 0.99998
14.426 1340.000 10.848 0.00461 0.99999
14.463 1350.000 11.213 0.00271 1.00000
14.480 1360.000 11.470 0.00085 1.00000
14.480 1370.000 11.616 -0.00096 1.00000
14.461 1380.000 11.648 -0.00270 1.00000
14.426 1390.000 11.564 -0.00434 0.99999
14.375 1400.000 11.365 -0.00588 0.99998
14.309 1410.000 11.054 -0.00730 0.99997
14.229 1420.000 10.634 -0.00857 0.99996
14.138 1430.000 10.110 -0.00968 0.99995
14.036 1440.000 9.491 -0.01063 0.99994
13.926 1450.000 8.783 -0.01140 0.99994
13.809 1460.000 7.997 -0.01197 0.99993
13.687 1470.000 7.144 -0.01234 0.99992
13.563 1480.000 6.234 -0.01250 0.99992
13.438 1490.000 5.280 -0.01245 0.99992
13.314 1500.000 4.295 -0.01218 0.99993
13.195 1510.000 3.292 -0.01169 0.99993
13.081 1520.000 2.285 -0.01098 0.99994
12.976 1530.000 1.287 -0.01005 0.99995
12.881 1540.000 0.310 -0.00891 0.99996
12.798 1550.000 -0.632 -0.00756 0.99997
12.730 1560.000 -1.528 -0.00600 0.99998
12.679 1570.000 -2.365 -0.00426 0.99999
12.646 1580.000 -3.135 -0.00233 1.00000
12.633 1590.000 -3.827 -0.00023 1.00000
12.642 1600.000 -4.434 0.00203 1.00000
12.674 1610.000 -4.949 0.00442 0.99999
12.731 1620.000 -5.367 0.00695 0.99998
12.813 1630.000 -5.682 0.00958 0.99995
12.923 1640.000 -5.894 0.01230 0.99992
13.059 1650.000 -6.001 0.01509 0.99989
13.225 1660.000 -6.003 0.01793 0.99984
13.418 1670.000 -5.902 0.02080 0.99978
13.641 1680.000 -5.702 0.02369 0.99972
13.892 1690.000 -5.407 0.02655 0.99965
14.172 1700.000 -5.022 0.02939 0.99957
14.480 1710.000 -4.555 0.03218 0.99948
14.816 1720.000 -4.014 0.03489 0.99939
15.178 1730.000 -3.407 0.03751 0.99930
15.566 1740.000 -2.743 0.04001 0.99920
15.978 1750.000 -2.033 0.04239 0.99910
16.414 1760.000 -1.286 0.04462 0.99900
16.871 1770.000 -0.514 0.04668 0.99891
17.348 1780.000 0.274 0.04857 0.99882
17.843 1790.000 1.066 0.05026 0.99874
18.354 1800.000 1.852 0.05175 0.99866
18.879 1810.000 2.623 0.05303 0.99859
19.415 1820.000 3.369 0.05408 0.99854
19.961 1830.000 4.082 0.05490 0.99849
20.514 1840.000 4.753 0.05549 0.99846
21.072 1850.000 5.376 0.05584 0.99844
21.632 1860.000 5.945 0.05594 0.99843
22.192 1870.000 6.455 0.05581 0.99844
22.749 1880.000 6.902 0.05544 0.99846
23.302 1890.000 7.282 0.05483 0.99850
23.847 1900.000 7.595 0.05399 0.99854
24.382 1910.000 7.841 0.05293 0.99860
24.906 1920.000 8.018 0.05166 0.99866
25.416 1930.000 8.129 0.05018 0.99874
25.910 1940.000 8.177 0.04852 0.99882
26.387 1950.000 8.165 0.04667 0.99891
26.844 1960.000 8.096 0.04467 0.99900
27.281 1970.000 7.976 0.04252 0.99910
27.695 1980.000 7.810 0.04024 0.99919
28.086 1990.000 7.604 0.03785 0.99928
28.452 2000.000 7.365 0.03536 0.99937
28.793 2010.000 7.098 0.03281 0.99946
29.109 2020.000 6.811 0.03020 0.99954
29.398 2030.000 6.509 0.02757 0.99962
29.660 2040.000 6.199 0.02492 0.99969
29.896 2050.000 5.887 0.02228 0.99975
30.106 2060.000 5.579 0.01967 0.99981
30.290 2070.000 5.281 0.01710 0.99985
30.448 2080.000 4.996 0.01461 0.99989
30.582 2090.000 4.730 0.01221 0.99993
30.693 2100.000 4.486 0.00991 0.99995
30.781 2110.000 4.267 0.00773 0.99997
30.848 2120.000 4.075 0.00569 0.99998
30.895 2130.000 3.913 0.00380 0.99999
30.924 2140.000 3.781 0.00208 1.00000
30.937 2150.000 3.680 0.00053 1.00000
30.936 2160.000 3.610 -0.00083 1.00000
30.921 2170.000 3.569 -0.00199 1.00000
30.896 2180.000 3.558 -0.00296 1.00000
30.863 2190.000 3.573 -0.00372 0.99999
30.823 2200.000 3.614 -0.00427 0.99999
30.778 2210.000 3.678 -0.00461 0.99999
30.731 2220.000 3.761 -0.00474 0.99999
30.684 2230.000 3.863 -0.00467 0.99999
30.638 2240.000 3.979 -0.00440 0.99999
30.597 2250.000 4.108 -0.00393 0.99999
30.561 2260.000 4.245 -0.00327 0.99999
30.532 2270.000 4.390 -0.00244 1.00000
30.512 2280.000 4.540 -0.00144 1.00000
30.503 2290.000 4.692 -0.00029 1.00000
30.507 2300.000 4.845 0.00100 1.00000
30.524 2310.000 4.997 0.00241 1.00000
30.555 2320.000 5.149 0.00394 0.99999
30.603 2330.000 5.299 0.00555 0.99998
30.667 2340.000 5.447 0.00723 0.99997
30.748 2350.000 5.594 0.00897 0.99996
30.846 2360.000 5.741 0.01074 0.99994
30.962 2370.000 5.888 0.01252 0.99992
31.096 2380.000 6.037 0.01429 0.99990
31.248 2390.000 6.191 0.01604 0.99987
31.417 2400.000 6.350 0.01774 0.99984
31.603 2410.000 6.516 0.01938 0.99981
31.804 2420.000 6.693 0.02093 0.99978
32.021 2430.000 6.881 0.02237 0.99975
32.252 2440.000 7.082 0.02370 0.99972
32.495 2450.000 7.298 0.02488 0.99969
32.749 2460.000 7.531 0.02591 0.99966
33.013 2470.000 7.780 0.02678 0.99964
33.284 2480.000 8.047 0.02746 0.99962
33.561 2490.000 8.330 0.02795 0.99961
33.843 2500.000 8.629 0.02823 0.99960
34.126 2510.000 8.943 0.02831 0.99960
34.408 2520.000 9.269 0.02817 0.99960
34.689 2530.000 9.605 0.02780 0.99961
34.964 2540.000 9.947 0.02721 0.99963
35.232 2550.000 10.292 0.02639 0.99965
35.491 2560.000 10.634 0.02534 0.99968
35.738 2570.000 10.969 0.02406 0.99971
35.972 2580.000 11.292 0.02257 0.99975
36.189 2590.000 11.596 0.02086 0.99978
36.388 2600.000 11.877 0.01895 0.99982
36.568 2610.000 12.128 0.01684 0.99986
36.725 2620.000 12.344 0.01454 0.99989
36.858 2630.000 12.518 0.01207 0.99993
36.965 2640.000 12.645 0.00944 0.99996
37.046 2650.000 12.721 0.00666 0.99998
37.098 2660.000 12.740 0.00376 0.99999
37.121 2670.000 12.698 0.00075 1.00000
37.113 2680.000 12.593 -0.00236 1.00000
37.074 2690.000 12.421 -0.00553 0.99998
37.002 2700.000 12.181 -0.00875 0.99996
36.898 2710.000 11.871 -0.01201 0.99993
36.762 2720.000 11.491 -0.01527 0.99988
36.593 2730.000 11.042 -0.01852 0.99983
36.392 2740.000 10.525 -0.02174 0.99976
36.158 2750.000 9.943 -0.02491 0.99969
35.893 2760.000 9.299 -0.02800 0.99961
35.598 2770.000 8.598 -0.03100 0.99952
35.273 2780.000 7.844 -0.03389 0.99943
34.920 2790.000 7.042 -0.03665 0.99933
34.540 2800.000 6.199 -0.03926 0.99923
34.135 2810.000 5.322 -0.04170 0.99913
33.706 2820.000 4.417 -0.04397 0.99903
33.256 2830.000 3.492 -0.04605 0.99894
32.785 2840.000 2.556 -0.04792 0.99885
32.297 2850.000 1.616 -0.04958 0.99877
31.793 2860.000 0.679 -0.05102 0.99870
31.276 2870.000 -0.245 -0.05223 0.99864
30.748 2880.000 -1.150 -0.05321 0.99858
30.211 2890.000 -2.027 -0.05395 0.99854
29.668 2900.000 -2.870 -0.05446 0.99852
29.121 2910.000 -3.671 -0.05473 0.99850
28.572 2920.000 -4.425 -0.05476 0.99850
28.025 2930.000 -5.125 -0.05457 0.99851
27.480 2940.000 -5.767 -0.05415 0.99853
26.941 2950.000 -6.347 -0.05351 0.99857
26.409 2960.000 -6.860 -0.05267 0.99861
25.887 2970.000 -7.305 -0.05163 0.99867
25.375 2980.000 -7.679 -0.05041 0.99873
24.878 2990.000 -7.982 -0.04902 0.99880
24.394 3000.000 -8.213 -0.04748 0.99887
23.927 3010.000 -8.374 -0.04579 0.99895
23.478 3020.000 -8.467 -0.04399 0.99903
23.047 3030.000 -8.493 -0.04208 0.99911
22.636 3040.000 -8.458 -0.04009 0.99920
22.245 3050.000 -8.364 -0.03804 0.99928
21.875 3060.000 -8.218 -0.03594 0.99935
21.526 3070.000 -8.024 -0.03382 0.99943
21.198 3080.000 -7.789 -0.03169 0.99950
20.891 3090.000 -7.520 -0.02958 0.99956
20.606 3100.000 -7.224 -0.02751 0.99962
20.341 3110.000 -6.908 -0.02549 0.99968
20.096 3120.000 -6.580 -0.02355 0.99972
19.870 3130.000 -6.247 -0.02170 0.99976
19.661 3140.000 -5.917 -0.01996 0.99980
19.470 3150.000 -5.596 -0.01834 0.99983
19.294 3160.000 -5.293 -0.01687 0.99986
19.132 3170.000 -5.012 -0.01555 0.99988
18.982 3180.000 -4.761 -0.01440 0.99990
18.843 3190.000 -4.544 -0.01343 0.99991
18.713 3200.000 -4.366 -0.01265 0.99992
18.590 3210.000 -4.230 -0.01206 0.99993
18.471 3220.000 -4.140 -0.01167 0.99993
18.356 3230.000 -4.097 -0.01148 0.99993
18.241 3240.000 -4.103 -0.01150 0.99993
18.125 3250.000 -4.156 -0.01172 0.99993
18.006 3260.000 -4.258 -0.01216 0.99993
17.881 3270.000 -4.405 -0.01279 0.99992
17.750 3280.000 -4.596 -0.01361 0.99991
17.608 3290.000 -4.826 -0.01463 0.99989
17.456 3300.000 -5.092 -0.01583 0.99987
17.291 3310.000 -5.390 -0.01719 0.99985
17.112 3320.000 -5.714 -0.01872 0.99982
16.916 3330.000 -6.058 -0.02038 0.99979
16.704 3340.000 -6.418 -0.02218 0.99975
16.472 3350.000 -6.786 -0.02409 0.99971
16.221 3360.000 -7.157 -0.02610 0.99966
15.950 3370.000 -7.525 -0.02818 0.99960
15.657 3380.000 -7.884 -0.03032 0.99954
15.343 3390.000 -8.229 -0.03251 0.99947
15.007 3400.000 -8.554 -0.03471 0.99940
14.648 3410.000 -8.856 -0.03692 0.99932
14.268 3420.000 -9.130 -0.03911 0.99924
13.866 3430.000 -9.372 -0.04125 0.99915
13.442 3440.000 -9.579 -0.04334 0.99906
12.999 3450.000 -9.751 -0.04535 0.99897
12.535 3460.000 -9.884 -0.04725 0.99888
12.053 3470.000 -9.978 -0.04905 0.99880
11.553 3480.000 -10.033 -0.05070 0.99871
11.038 3490.000 -10.048 -0.05221 0.99864
10.508 3500.000 -10.026 -0.05355 0.99856
9.966 3510.000 -9.968 -0.05472 0.99850
9.413 3520.000 -9.875 -0.05569 0.99845
8.851 3530.000 -9.750 -0.05645 0.99841
8.283 3540.000 -9.596 -0.05701 0.99837
7.710 3550.000 -9.415 -0.05734 0.99835
7.135 3560.000 -9.211 -0.05745 0.99835
6.560 3570.000 -8.986 -0.05732 0.99836
5.987 3580.000 -8.744 -0.05697 0.99838
5.419 3590.000 -8.487 -0.05637 0.99841
4.858 3600.000 -8.219 -0.05555 0.99846
4.307 3610.000 -7.942 -0.05449 0.99851
3.768 3620.000 -7.658 -0.05320 0.99858
3.242 3630.000 -7.368 -0.05170 0.99866
2.733 3640.000 -7.074 -0.04998 0.99875
2.242 3650.000 -6.777 -0.04807 0.99884
1.771 3660.000 -6.475 -0.04596 0.99894
1.323 3670.000 -6.170 -0.04367 0.99905
0.898 3680.000 -5.859 -0.04122 0.99915
0.498 3690.000 -5.540 -0.03863 0.99925
0.125 3700.000 -5.212 -0.03590 0.99936
-0.220 3710.000 -4.871 -0.03306 0.99945
-0.536 3720.000 -4.513 -0.03013 0.99955
-0.823 3730.000 -4.134 -0.02712 0.99963
-1.079 3740.000 -3.731 -0.02406 0.99971
-1.304 3750.000 -3.297 -0.02097 0.99978
-1.498 3760.000 -2.829 -0.01786 0.99984
-1.662 3770.000 -2.320 -0.01477 0.99989
-1.794 3780.000 -1.767 -0.01170 0.99993
-1.896 3790.000 -1.164 -0.00868 0.99996
-1.968 3800.000 -0.507 -0.00574 0.99998
-2.011 3810.000 0.209 -0.00288 1.00000
-2.026 3820.000 0.986 -0.00013 1.00000
-2.014 3830.000 1.828 0.00249 1.00000
-1.976 3840.000 2.736 0.00496 0.99999
-1.915 3850.000 3.710 0.00728 0.99997
-1.831 3860.000 4.751 0.00942 0.99996
-1.727 3870.000 5.856 0.01137 0.99994
-1.605 3880.000 7.023 0.01313 0.99991
-1.465 3890.000 8.248 0.01468 0.99989
-1.312 3900.000 9.526 0.01601 0.99987
-1.146 3910.000 10.848 0.01712 0.99985
-0.970 3920.000 12.207 0.01800 0.99984
-0.787 3930.000 13.594 0.01865 0.99983
-0.598 3940.000 14.998 0.01908 0.99982
-0.406 3950.000 16.407 0.01927 0.99981
-0.213 3960.000 17.808 0.01924 0.99981
-0.022 3970.000 19.188 0.01898 0.99982
0.166 3980.000 20.533 0.01851 0.99983
0.348 3990.000 21.829 0.01783 0.99984
0.522 4000.000 23.060 0.01696 0.99986
0.687 4010.000 24.213 0.01590 0.99987
0.840 4020.000 25.272 0.01467 0.99989
0.980 4030.000 26.223 0.01328 0.99991
1.105 4040.000 27.053 0.01175 0.99993
1.214 4050.000 27.750 0.01009 0.99995
1.306 4060.000 28.302 0.00832 0.99997
1.380 4070.000 28.698 0.00646 0.99998
1.435 4080.000 28.930 0.00453 0.99999
1.471 4090.000 28.991 0.00255 1.00000
1.486 4100.000 28.876 0.00054 1.00000
1.481 4110.000 28.580 -0.00149 1.00000
1.456 4120.000 28.101 -0.00350 0.99999
1.411 4130.000 27.442 -0.00549 0.99998
1.347 4140.000 26.603 -0.00743 0.99997
1.263 4150.000 25.589 -0.00930 0.99996
1.161 4160.000 24.406 -0.01108 0.99994
1.042 4170.000 23.064 -0.01277 0.99992
0.906 4180.000 21.572 -0.01433 0.99990
0.756 4190.000 19.942 -0.01575 0.99988
0.591 4200.000 18.189 -0.01703 0.99986
0.415 4210.000 16.327 -0.01814 0.99984
0.229 4220.000 14.374 -0.01908 0.99982
0.034 4230.000 12.348 -0.01983 0.99980
-0.167 4240.000 10.266 -0.02039 0.99979
-0.373 4250.000 8.149 -0.02075 0.99978
-0.581 4260.000 6.017 -0.02091 0.99978
-0.790 4270.000 3.890 -0.02085 0.99978
-0.998 4280.000 1.788 -0.02059 0.99979
-1.202 4290.000 -0.268 -0.02012 0.99980
-1.400 4300.000 -2.259 -0.01945 0.99981
-1.590 4310.000 -4.165 -0.01857 0.99983
-1.771 4320.000 -5.969 -0.01750 0.99985
-1.940 4330.000 -7.655 -0.01624 0.99987
-2.095 4340.000 -9.206 -0.01481 0.99989
-2.235 4350.000 -10.609 -0.01320 0.99991
-2.359 4360.000 -11.852 -0.01145 0.99993
-2.464 4370.000 -12.924 -0.00955 0.99995
-2.549 4380.000 -13.817 -0.00752 0.99997
-2.614 4390.000 -14.526 -0.00539 0.99999
-2.657 4400.000 -15.045 -0.00317 0.99999
-2.677 4410.000 -15.373 -0.00087 1.00000
-2.674 4420.000 -15.511 0.00148 1.00000
-2.647 4430.000 -15.461 0.00387 0.99999
-2.597 4440.000 -15.227 0.00627 0.99998
-2.522 4450.000 -14.815 0.00866 0.99996
-2.423 4460.000 -14.234 0.01102 0.99994
-2.302 4470.000 -13.494 0.01334 0.99991
-2.157 4480.000 -12.607 0.01559 0.99988
-1.990 4490.000 -11.585 0.01775 0.99984
-1.802 4500.000 -10.442 0.01981 0.99980
-1.594 4510.000 -9.193 0.02175 0.99976
-1.367 4520.000 -7.854 0.02354 0.99972
-1.124 4530.000 -6.441 0.02517 0.99968
-0.864 4540.000 -4.971 0.02663 0.99965
-0.591 4550.000 -3.460 0.02791 0.99961
-0.307 4560.000 -1.924 0.02898 0.99958
-0.012 4570.000 -0.379 0.02985 0.99955
0.290 4580.000 1.158 0.03049 0.99954
0.597 4590.000 2.674 0.03091 0.99952
0.908 4600.000 4.154 0.03110 0.99952
1.219 4610.000 5.584 0.03105 0.99952
1.528 4620.000 6.954 0.03076 0.99953
1.833 4630.000 8.251 0.03023 0.99954
2.132 4640.000 9.466 0.02946 0.99957
2.422 4650.000 10.590 0.02846 0.99959
2.701 4660.000 11.614 0.02724 0.99963
2.966 4670.000 12.533 0.02579 0.99967
3.216 4680.000 13.340 0.02412 0.99971
3.448 4690.000 14.030 0.02225 0.99975
3.661 4700.000 14.600 0.02020 0.99980
3.852 4710.000 15.047 0.01796 0.99984
4.019 4720.000 15.367 0.01556 0.99988
4.163 4730.000 15.561 0.01302 0.99992
4.279 4740.000 15.626 0.01035 0.99995
4.369 4750.000 15.563 0.00756 0.99997
4.430 4760.000 15.372 0.00469 0.99999
4.463 4770.000 15.053 0.00174 1.00000
4.465 4780.000 14.608 -0.00126 1.00000
4.437 4790.000 14.039 -0.00429 0.99999
4.379 4800.000 13.348 -0.00733 0.99997
4.291 4810.000 12.537 -0.01036 0.99995
4.172 4820.000 11.610 -0.01336 0.99991
4.023 4830.000 10.571 -0.01631 0.99987
3.846 4840.000 9.425 -0.01918 0.99982
3.640 4850.000 8.175 -0.02196 0.99976
3.407 4860.000 6.828 -0.02463 0.99970
3.148 4870.000 5.390 -0.02718 0.99963
2.864 4880.000 3.868 -0.02958 0.99956
2.556 4890.000 2.269 -0.03182 0.99949
2.227 4900.000 0.603 -0.03389 0.99943
1.879 4910.000 -1.122 -0.03577 0.99936
1.512 4920.000 -2.895 -0.03746 0.99930
1.130 4930.000 -4.707 -0.03894 0.99924
0.733 4940.000 -6.546 -0.04021 0.99919
0.325 4950.000 -8.400 -0.04126 0.99915
-0.092 4960.000 -10.256 -0.04209 0.99911
-0.516 4970.000 -12.102 -0.04270 0.99909
-0.946 4980.000 -13.925 -0.04308 0.99907
-1.378 4990.000 -15.709 -0.04324 0.99906
-1.811 5000.000 -17.443 -0.04318 0.99907
-2.242 5010.000 -19.110 -0.04291 0.99908
-2.669 5020.000 -20.698 -0.04243 0.99910
-3.091 5030.000 -22.193 -0.04175 0.99913
-3.504 5040.000 -23.579 -0.04088 0.99916
-3.908 5050.000 -24.845 -0.03984 0.99921
-4.301 5060.000 -25.977 -0.03864 0.99925
-4.681 5070.000 -26.963 -0.03729 0.99930
-5.047 5080.000 -27.792 -0.03580 0.99936
-5.397 5090.000 -28.452 -0.03420 0.99941
-5.731 5100.000 -28.934 -0.03250 0.99947
-6.048 5110.000 -29.229 -0.03073 0.99953
-6.346 5120.000 -29.330 -0.02889 0.99958
-6.626 5130.000 -29.231 -0.02701 0.99964
-6.886 5140.000 -28.927 -0.02511 0.99968
-7.128 5150.000 -28.416 -0.02321 0.99973
-7.351 5160.000 -27.695 -0.02133 0.99977
-7.555 5170.000 -26.764 -0.01949 0.99981
-7.741 5180.000 -25.626 -0.01771 0.99984
-7.909 5190.000 -24.284 -0.01600 0.99987
-8.061 5200.000 -22.743 -0.01439 0.99990
-8.198 5210.000 -21.011 -0.01290 0.99992
-8.320 5220.000 -19.095 -0.01153 0.99993
-8.429 5230.000 -17.006 -0.01030 0.99995
-8.526 5240.000 -14.758 -0.00924 0.99996
-8.614 5250.000 -12.362 -0.00834 0.99997
-8.694 5260.000 -9.835 -0.00763 0.99997
-8.767 5270.000 -7.193 -0.00710 0.99997
-8.836 5280.000 -4.454 -0.00678 0.99998
-8.903 5290.000 -1.637 -0.00665 0.99998
-8.970 5300.000 1.239 -0.00674 0.99998
-9.039 5310.000 4.151 -0.00703 0.99998
-9.111 5320.000 7.080 -0.00754 0.99997
-9.190 5330.000 10.003 -0.00826 0.99997
-9.277 5340.000 12.898 -0.00918 0.99996
-9.374 5350.000 15.744 -0.01030 0.99995
-9.484 5360.000 18.518 -0.01162 0.99993
-9.608 5370.000 21.199 -0.01313 0.99991
-9.747 5380.000 23.768 -0.01481 0.99989
-9.904 5390.000 26.204 -0.01665 0.99986
-10.081 5400.000 28.489 -0.01864 0.99983
-10.278 5410.000 30.605 -0.02077 0.99978
-10.497 5420.000 32.538 -0.02302 0.99973
-10.738 5430.000 34.272 -0.02537 0.99968
-11.004 5440.000 35.796 -0.02781 0.99961
-11.295 5450.000 37.100 -0.03031 0.99954
-11.611 5460.000 38.175 -0.03286 0.99946
-11.953 5470.000 39.015 -0.03544 0.99937
-12.320 5480.000 39.616 -0.03802 0.99928
-12.714 5490.000 39.978 -0.04058 0.99918
-13.133 5500.000 40.099 -0.04311 0.99907
-13.577 5510.000 39.984 -0.04559 0.99896
-14.045 5520.000 39.636 -0.04799 0.99885
-14.537 5530.000 39.064 -0.05029 0.99873
-15.052 5540.000 38.275 -0.05248 0.99862
-15.588 5550.000 37.281 -0.05454 0.99851
-16.144 5560.000 36.095 -0.05644 0.99841
-16.718 5570.000 34.731 -0.05819 0.99831
-17.309 5580.000 33.203 -0.05975 0.99821
-17.914 5590.000 31.530 -0.06112 0.99813
-18.533 5600.000 29.728 -0.06228 0.99806
-19.162 5610.000 27.817 -0.06323 0.99800
-19.799 5620.000 25.815 -0.06395 0.99795
-20.443 5630.000 23.742 -0.06445 0.99792
-21.090 5640.000 21.618 -0.06470 0.99790
-21.739 5650.000 19.463 -0.06472 0.99790
-22.386 5660.000 17.294 -0.06449 0.99792
-23.030 5670.000 15.132 -0.06402 0.99795
-23.668 5680.000 12.995 -0.06331 0.99799
-24.298 5690.000 10.899 -0.06237 0.99805
-24.917 5700.000 8.861 -0.06119 0.99813
-25.524 5710.000 6.895 -0.05979 0.99821
-26.115 5720.000 5.016 -0.05818 0.99831
-26.689 5730.000 3.235 -0.05636 0.99841
-27.243 5740.000 1.562 -0.05435 0.99852
-27.777 5750.000 0.008 -0.05216 0.99864
-28.287 5760.000 -1.421 -0.04981 0.99876
-28.774 5770.000 -2.720 -0.04731 0.99888
-29.234 5780.000 -3.884 -0.04468 0.99900
-29.668 5790.000 -4.911 -0.04194 0.99912
-30.073 5800.000 -5.802 -0.03911 0.99923
-30.450 5810.000 -6.557 -0.03621 0.99934
-30.798 5820.000 -7.179 -0.03325 0.99945
-31.116 5830.000 -7.671 -0.03026 0.99954
-31.403 5840.000 -8.040 -0.02726 0.99963
-31.661 5850.000 -8.292 -0.02427 0.99971
-31.889 5860.000 -8.434 -0.02131 0.99977
-32.087 5870.000 -8.475 -0.01840 0.99983
-32.257 5880.000 -8.424 -0.01556 0.99988
-32.399 5890.000 -8.289 -0.01281 0.99992
-32.514 5900.000 -8.082 -0.01017 0.99995
-32.603 5910.000 -7.812 -0.00765 0.99997
-32.667 5920.000 -7.490 -0.00527 0.99999
-32.709 5930.000 -7.124 -0.00305 1.00000
-32.729 5940.000 -6.724 -0.00100 1.00000
-32.729 5950.000 -6.300 0.00087 1.00000
-32.712 5960.000 -5.860 0.00255 1.00000
-32.679 5970.000 -5.412 0.00403 0.99999
-32.632 5980.000 -4.962 0.00531 0.99999
-32.573 5990.000 -4.516 0.00637 0.99998
-32.505 6000.000 -4.080 0.00722 0.99997
-32.430 6010.000 -3.659 0.00785 0.99997
-32.349 6020.000 -3.255 0.00826 0.99997
-32.265 6030.000 -2.871 0.00847 0.99996
-32.180 6040.000 -2.508 0.00846 0.99996
-32.097 6050.000 -2.168 0.00825 0.99997
-32.016 6060.000 -1.851 0.00784 0.99997
-31.940 6070.000 -1.557 0.00725 0.99997
-31.872 6080.000 -1.284 0.00648 0.99998
-31.811 6090.000 -1.031 0.00555 0.99998
-31.761 6100.000 -0.796 0.00447 0.99999
-31.722 6110.000 -0.578 0.00325 0.99999
-31.696 6120.000 -0.374 0.00192 1.00000
-31.684 6130.000 -0.183 0.00048 1.00000
-31.687 6140.000 -0.003 -0.00104 1.00000
-31.705 6150.000 0.169 -0.00262 1.00000
-31.740 6160.000 0.333 -0.00425 0.99999
-31.791 6170.000 0.491 -0.00591 0.99998
-31.858 6180.000 0.643 -0.00756 0.99997
-31.942 6190.000 0.790 -0.00921 0.99996
-32.042 6200.000 0.932 -0.01082 0.99994
-32.158 6210.000 1.068 -0.01237 0.99992
-32.289 6220.000 1.198 -0.01386 0.99990
-32.435 6230.000 1.319 -0.01525 0.99988
-32.594 6240.000 1.430 -0.01653 0.99986
-32.765 6250.000 1.529 -0.01768 0.99984
-32.947 6260.000 1.614 -0.01870 0.99983
-33.139 6270.000 1.681 -0.01955 0.99981
-33.338 6280.000 1.727 -0.02024 0.99980
-33.543 6290.000 1.750 -0.02074 0.99978
-33.752 6300.000 1.746 -0.02106 0.99978
-33.963 6310.000 1.713 -0.02117 0.99978
-34.175 6320.000 1.646 -0.02107 0.99978
-34.384 6330.000 1.544 -0.02077 0.99978
-34.590 6340.000 1.403 -0.02024 0.99980
-34.789 6350.000 1.222 -0.01950 0.99981
-34.979 6360.000 0.997 -0.01854 0.99983
-35.159 6370.000 0.729 -0.01737 0.99985
-35.326 6380.000 0.416 -0.01598 0.99987
-35.478 6390.000 0.059 -0.01439 0.99990
-35.613 6400.000 -0.344 -0.01260 0.99992
-35.729 6410.000 -0.789 -0.01062 0.99994
-35.825 6420.000 -1.276 -0.00846 0.99996
-35.898 6430.000 -1.801 -0.00614 0.99998
-35.947 6440.000 -2.362 -0.00366 0.99999
-35.971 6450.000 -2.954 -0.00105 1.00000
-35.968 6460.000 -3.572 0.00168 1.00000
-35.937 6470.000 -4.210 0.00452 0.99999
-35.877 6480.000 -4.863 0.00744 0.99997
-35.788 6490.000 -5.523 0.01042 0.99995
-35.668 6500.000 -6.184 0.01345 0.99991
-35.519 6510.000 -6.836 0.01650 0.99986
-35.338 6520.000 -7.473 0.01956 0.99981
-35.127 6530.000 -8.087 0.02260 0.99974
-34.886 6540.000 -8.668 0.02560 0.99967
-34.616 6550.000 -9.209 0.02854 0.99959
-34.316 6560.000 -9.702 0.03141 0.99951
-33.987 6570.000 -10.138 0.03417 0.99942
-33.632 6580.000 -10.511 0.03682 0.99932
-33.251 6590.000 -10.814 0.03933 0.99923
-32.845 6600.000 -11.041 0.04169 0.99913
-32.417 6610.000 -11.186 0.04389 0.99904
-31.967 6620.000 -11.246 0.04590 0.99895
-31.499 6630.000 -11.216 0.04771 0.99886
-31.013 6640.000 -11.094 0.04932 0.99878
-30.512 6650.000 -10.880 0.05071 0.99871
-29.998 6660.000 -10.572 0.05187 0.99865
-29.474 6670.000 -10.172 0.05281 0.99860
-28.941 6680.000 -9.682 0.05350 0.99857
-28.403 6690.000 -9.106 0.05395 0.99854
-27.861 6700.000 -8.447 0.05416 0.99853
-27.319 6710.000 -7.711 0.05413 0.99853
-26.778 6720.000 -6.904 0.05386 0.99855
-26.241 6730.000 -6.034 0.05336 0.99858
-25.710 6740.000 -5.108 0.05263 0.99861
-25.187 6750.000 -4.135 0.05167 0.99866
-24.676 6760.000 -3.124 0.05051 0.99872
-24.176 6770.000 -2.084 0.04914 0.99879
-23.692 6780.000 -1.025 0.04759 0.99887
-23.224 6790.000 0.043 0.04586 0.99895
-22.774 6800.000 1.112 0.04397 0.99903
-22.344 6810.000 2.170 0.04194 0.99912
-21.935 6820.000 3.210 0.03979 0.99921
-21.548 6830.000 4.223 0.03752 0.99930
-21.185 6840.000 5.201 0.03517 0.99938
-20.845 6850.000 6.137 0.03275 0.99946
-20.529 6860.000 7.023 0.03029 0.99954
-20.239 6870.000 7.855 0.02779 0.99961
-19.973 6880.000 8.628 0.02529 0.99968
-19.733 6890.000 9.337 0.02281 0.99974
-19.517 6900.000 9.981 0.02036 0.99979
-19.325 6910.000 10.556 0.01796 0.99984
-19.157 6920.000 11.062 0.01563 0.99988
-19.012 6930.000 11.498 0.01340 0.99991
-18.889 6940.000 11.865 0.01127 0.99994
-18.786 6950.000 12.164 0.00928 0.99996
-18.703 6960.000 12.398 0.00742 0.99997
-18.637 6970.000 12.568 0.00572 0.99998
-18.588 6980.000 12.678 0.00418 0.99999
-18.553 6990.000 12.731 0.00283 1.00000
-18.531 7000.000 12.732 0.00167 1.00000
-18.519 7010.000 12.683 0.00070 1.00000
-18.516 7020.000 12.589 -0.00007 1.00000
-18.520 7030.000 12.454 -0.00062 1.00000
-18.528 7040.000 12.282 -0.00097 1.00000
-18.539 7050.000 12.076 -0.00111 1.00000
-18.550 7060.000 11.841 -0.00103 1.00000
-18.559 7070.000 11.579 -0.00076 1.00000
-18.564 7080.000 11.294 -0.00027 1.00000
-18.564 7090.000 10.988 0.00040 1.00000
-18.555 7100.000 10.663 0.00126 1.00000
-18.538 7110.000 10.321 0.00230 1.00000
-18.509 7120.000 9.963 0.00351 0.99999
-18.467 7130.000 9.590 0.00487 0.99999
-18.411 7140.000 9.203 0.00636 0.99998
-18.339 7150.000 8.801 0.00798 0.99997
-18.251 7160.000 8.386 0.00970 0.99995
-18.145 7170.000 7.956 0.01151 0.99993
-18.021 7180.000 7.511 0.01340 0.99991
-17.877 7190.000 7.051 0.01533 0.99988
-17.714 7200.000 6.575 0.01729 0.99985
-17.531 7210.000 6.083 0.01927 0.99981
-17.328 7220.000 5.576 0.02123 0.99977
-17.106 7230.000 5.054 0.02317 0.99973
-16.865 7240.000 4.516 0.02506 0.99969
-16.605 7250.000 3.966 0.02688 0.99964
-16.328 7260.000 3.403 0.02861 0.99959
-16.033 7270.000 2.831 0.03024 0.99954
-15.723 7280.000 2.253 0.03175 0.99950
-15.398 7290.000 1.672 0.03311 0.99945
-15.061 7300.000 1.092 0.03432 0.99941
-14.712 7310.000 0.518 0.03537 0.99937
-14.354 7320.000 -0.044 0.03623 0.99934
-13.988 7330.000 -0.589 0.03690 0.99932
-13.616 7340.000 -1.110 0.03736 0.99930
-13.240 7350.000 -1.601 0.03762 0.99929
-12.864 7360.000 -2.055 0.03766 0.99929
-12.487 7370.000 -2.464 0.03748 0.99930
-12.114 7380.000 -2.823 0.03707 0.99931
-11.746 7390.000 -3.124 0.03644 0.99934
-11.386 7400.000 -3.361 0.03558 0.99937
-11.035 7410.000 -3.529 0.03450 0.99940
-10.696 7420.000 -3.621 0.03321 0.99945
-10.371 7430.000 -3.635 0.03170 0.99950
-10.062 7440.000 -3.566 0.02999 0.99955
-9.772 7450.000 -3.412 0.02809 0.99961
-9.501 7460.000 -3.172 0.02601 0.99966
-9.252 7470.000 -2.846 0.02376 0.99972
-9.026 7480.000 -2.435 0.02135 0.99977
-8.825 7490.000 -1.942 0.01881 0.99982
-8.650 7500.000 -1.371 0.01614 0.99987
-8.503 7510.000 -0.726 0.01337 0.99991
-8.383 7520.000 -0.015 0.01051 0.99994
-8.292 7530.000 0.756 0.00759 0.99997
-8.231 7540.000 1.576 0.00462 0.99999
-8.200 7550.000 2.436 0.00163 1.00000
-8.199 7560.000 3.326 -0.00136 1.00000
-8.227 7570.000 4.233 -0.00434 0.99999
-8.285 7580.000 5.147 -0.00728 0.99997
-8.373 7590.000 6.053 -0.01016 0.99995
-8.488 7600.000 6.939 -0.01297 0.99992
-8.632 7610.000 7.791 -0.01567 0.99988
-8.802 7620.000 8.599 -0.01826 0.99983
-8.997 7630.000 9.347 -0.02071 0.99979
-9.215 7640.000 10.025 -0.02301 0.99974
-9.456 7650.000 10.620 -0.02515 0.99968
-9.718 7660.000 11.123 -0.02710 0.99963
-9.998 7670.000 11.523 -0.02885 0.99958
-10.295 7680.000 11.812 -0.03040 0.99954
-10.606 7690.000 11.983 -0.03174 0.99950
-10.929 7700.000 12.029 -0.03284 0.99946
-11.262 7710.000 11.947 -0.03372 0.99943
-11.603 7720.000 11.733 -0.03437 0.99941
-11.949 7730.000 11.386 -0.03477 0.99940
-12.298 7740.000 10.907 -0.03494 0.99939
-12.648 7750.000 10.298 -0.03487 0.99939
-12.995 7760.000 9.562 -0.03456 0.99940
-13.339 7770.000 8.705 -0.03403 0.99942
-13.675 7780.000 7.735 -0.03327 0.99945
-14.004 7790.000 6.659 -0.03230 0.99948
-14.321 7800.000 5.488 -0.03112 0.99952
-14.626 7810.000 4.233 -0.02974 0.99956
-14.915 7820.000 2.906 -0.02818 0.99960
-15.189 7830.000 1.521 -0.02646 0.99965
-15.444 7840.000 0.092 -0.02459 0.99970
-15.680 7850.000 -1.366 -0.02257 0.99975
-15.896 7860.000 -2.837 -0.02045 0.99979
-16.089 7870.000 -4.306 -0.01822 0.99983
-16.260 7880.000 -5.756 -0.01591 0.99987
-16.407 7890.000 -7.172 -0.01355 0.99991
-16.531 7900.000 -8.538 -0.01114 0.99994
-16.630 7910.000 -9.840 -0.00872 0.99996
-16.705 7920.000 -11.064 -0.00629 0.99998
-16.756 7930.000 -12.195 -0.00389 0.99999
-16.783 7940.000 -13.223 -0.00153 1.00000
-16.787 7950.000 -14.137 0.00077 1.00000
-16.768 7960.000 -14.927 0.00300 1.00000
-16.727 7970.000 -15.585 0.00512 0.99999
-16.666 7980.000 -16.106 0.00713 0.99997
-16.585 7990.000 -16.485 0.00901 0.99996
-16.486 8000.000 -16.719 0.01074 0.99994
-16.371 8010.000 -16.809 0.01231 0.99992
-16.240 8020.000 -16.755 0.01372 0.99991
-16.097 8030.000 -16.561 0.01494 0.99989
-15.942 8040.000 -16.231 0.01597 0.99987
-15.778 8050.000 -15.772 0.01680 0.99986
-15.607 8060.000 -15.193 0.01743 0.99985
-15.430 8070.000 -14.501 0.01785 0.99984
-15.250 8080.000 -13.709 0.01807 0.99984
-15.069 8090.000 -12.829 0.01808 0.99984
-14.889 8100.000 -11.872 0.01788 0.99984
-14.712 8110.000 -10.854 0.01748 0.99985
-14.540 8120.000 -9.786 0.01688 0.99986
-14.375 8130.000 -8.685 0.01609 0.99987
-14.219 8140.000 -7.563 0.01512 0.99989
-14.073 8150.000 -6.436 0.01399 0.99990
-13.940 8160.000 -5.317 0.01269 0.99992
-13.820 8170.000 -4.219 0.01125 0.99994
-13.715 8180.000 -3.154 0.00968 0.99995
-13.627 8190.000 -2.135 0.00800 0.99997
-13.555 8200.000 -1.172 0.00622 0.99998
-13.502 8210.000 -0.274 0.00436 0.99999
-13.468 8220.000 0.551 0.00245 1.00000
-13.454 8230.000 1.295 0.00049 1.00000
-13.459 8240.000 1.953 -0.00149 1.00000
-13.483 8250.000 2.520 -0.00347 0.99999
-13.528 8260.000 2.995 -0.00542 0.99999
-13.592 8270.000 3.374 -0.00734 0.99997
-13.674 8280.000 3.659 -0.00920 0.99996
-13.775 8290.000 3.849 -0.01098 0.99994
-13.894 8300.000 3.947 -0.01266 0.99992
-14.028 8310.000 3.955 -0.01422 0.99990
-14.178 8320.000 3.879 -0.01565 0.99988
-14.341 8330.000 3.722 -0.01694 0.99986
-14.516 8340.000 3.491 -0.01805 0.99984
-14.701 8350.000 3.191 -0.01899 0.99982
-14.895 8360.000 2.829 -0.01974 0.99981
-15.096 8370.000 2.413 -0.02028 0.99979
-15.300 8380.000 1.948 -0.02061 0.99979
-15.507 8390.000 1.443 -0.02073 0.99979
-15.714 8400.000 0.905 -0.02062 0.99979
-15.919 8410.000 0.341 -0.02028 0.99979
-16.119 8420.000 -0.242 -0.01971 0.99981
-16.312 8430.000 -0.837 -0.01891 0.99982
-16.497 8440.000 -1.440 -0.01788 0.99984
-16.669 8450.000 -2.042 -0.01662 0.99986
-16.828 8460.000 -2.641 -0.01514 0.99989
-16.971 8470.000 -3.230 -0.01345 0.99991
-17.097 8480.000 -3.806 -0.01155 0.99993
-17.202 8490.000 -4.366 -0.00945 0.99996
-17.285 8500.000 -4.907 -0.00717 0.99997
-17.345 8510.000 -5.426 -0.00472 0.99999
-17.379 8520.000 -5.923 -0.00212 1.00000
-17.387 8530.000 -6.396 0.00062 1.00000
-17.366 8540.000 -6.844 0.00349 0.99999
-17.317 8550.000 -7.269 0.00646 0.99998
-17.237 8560.000 -7.669 0.00951 0.99995
-17.126 8570.000 -8.046 0.01262 0.99992
-16.984 8580.000 -8.401 0.01578 0.99988
-16.810 8590.000 -8.735 0.01897 0.99982
-16.605 8600.000 -9.050 0.02215 0.99975
-16.367 8610.000 -9.346 0.02532 0.99968
-16.098 8620.000 -9.625 0.02845 0.99960
-15.798 8630.000 -9.888 0.03152 0.99950
-15.468 8640.000 -10.136 0.03450 0.99940
-15.108 8650.000 -10.370 0.03739 0.99930
-14.720 8660.000 -10.591 0.04016 0.99919
-14.305 8670.000 -10.800 0.04279 0.99908
-13.864 8680.000 -10.996 0.04527 0.99897
-13.399 8690.000 -11.179 0.04758 0.99887
-12.912 8700.000 -11.350 0.04972 0.99876
-12.404 8710.000 -11.508 0.05165 0.99867
-11.878 8720.000 -11.651 0.05339 0.99857
-11.335 8730.000 -11.780 0.05491 0.99849
-10.779 8740.000 -11.893 0.05620 0.99842
-10.210 8750.000 -11.990 0.05727 0.99836
-9.632 8760.000 -12.069 0.05811 0.99831
-9.047 8770.000 -12.130 0.05872 0.99827
-8.457 8780.000 -12.172 0.05909 0.99825
-7.864 8790.000 -12.195 0.05923 0.99824
-7.271 8800.000 -12.197 0.05914 0.99825
-6.680 8810.000 -12.180 0.05882 0.99827
-6.093 8820.000 -12.144 0.05829 0.99830
-5.513 8830.000 -12.088 0.05755 0.99834
-4.941 8840.000 -12.015 0.05662 0.99840
-4.379 8850.000 -11.926 0.05549 0.99846
-3.830 8860.000 -11.823 0.05419 0.99853
-3.294 8870.000 -11.707 0.05274 0.99861
-2.774 8880.000 -11.581 0.05113 0.99869
-2.270 8890.000 -11.449 0.04941 0.99878
-1.785 8900.000 -11.313 0.04757 0.99887
-1.318 8910.000 -11.176 0.04564 0.99896
-0.871 8920.000 -11.043 0.04364 0.99905
-0.445 8930.000 -10.916 0.04159 0.99913
-0.039 8940.000 -10.800 0.03951 0.99922
0.346 8950.000 -10.697 0.03741 0.99930
0.710 8960.000 -10.612 0.03532 0.99938
1.053 8970.000 -10.546 0.03327 0.99945
1.376 8980.000 -10.504 0.03126 0.99951
1.679 8990.000 -10.487 0.02931 0.99957
1.963 9000.000 -10.497 0.02745 0.99962
2.228 9010.000 -10.536 0.02570 0.99967
2.477 9020.000 -10.603 0.02406 0.99971
2.710 9030.000 -10.701 0.02256 0.99975
2.929 9040.000 -10.827 0.02121 0.99978
3.135 9050.000 -10.980 0.02002 0.99980
3.330 9060.000 -11.159 0.01901 0.99982
3.516 9070.000 -11.361 0.01818 0.99983
3.694 9080.000 -11.582 0.01754 0.99985
3.867 9090.000 -11.818 0.01709 0.99985
4.037 9100.000 -12.064 0.01685 0.99986
4.205 9110.000 -12.314 0.01682 0.99986
4.374 9120.000 -12.564 0.01699 0.99986
4.545 9130.000 -12.806 0.01737 0.99985
4.722 9140.000 -13.034 0.01795 0.99984
4.905 9150.000 -13.241 0.01872 0.99982
5.097 9160.000 -13.420 0.01969 0.99981
5.300 9170.000 -13.563 0.02084 0.99978
5.514 9180.000 -13.664 0.02217 0.99975
5.744 9190.000 -13.715 0.02366 0.99972
5.988 9200.000 -13.711 0.02530 0.99968
6.250 9210.000 -13.646 0.02707 0.99963
6.530 9220.000 -13.514 0.02896 0.99958
6.830 9230.000 -13.310 0.03096 0.99952
7.150 9240.000 -13.031 0.03304 0.99945
7.491 9250.000 -12.674 0.03519 0.99938
7.854 9260.000 -12.238 0.03739 0.99930
8.240 9270.000 -11.722 0.03961 0.99922
8.647 9280.000 -11.127 0.04185 0.99912
9.077 9290.000 -10.454 0.04407 0.99903
9.529 9300.000 -9.708 0.04625 0.99893
10.003 9310.000 -8.892 0.04839 0.99883
10.498 9320.000 -8.013 0.05045 0.99873
11.013 9330.000 -7.077 0.05243 0.99862
11.548 9340.000 -6.094 0.05429 0.99853
12.100 9350.000 -5.072 0.05602 0.99843
12.669 9360.000 -4.023 0.05761 0.99834
13.254 9370.000 -2.956 0.05904 0.99826
13.852 9380.000 -1.886 0.06029 0.99818
14.461 9390.000 -0.823 0.06135 0.99812
15.080 9400.000 0.218 0.06221 0.99806
15.707 9410.000 1.226 0.06286 0.99802
16.339 9420.000 2.186 0.06329 0.99800
16.975 9430.000 3.085 0.06349 0.99798
17.611 9440.000 3.911 0.06346 0.99798
18.246 9450.000 4.652 0.06320 0.99800
18.877 9460.000 5.295 0.06269 0.99803
19.501 9470.000 5.829 0.06195 0.99808
20.117 9480.000 6.244 0.06097 0.99814
20.722 9490.000 6.534 0.05976 0.99821
21.314 9500.000 6.691 0.05833 0.99830
21.890 9510.000 6.713 0.05667 0.99839
22.449 9520.000 6.600 0.05481 0.99850
22.987 9530.000 6.358 0.05274 0.99861
23.504 9540.000 5.994 0.05049 0.99872
23.998 9550.000 5.521 0.04726 0.99888
24.386 9560.000 4.955 0.02959 0.99956
24.590 9570.000 4.314 0.01124 0.99994
24.612 9580.000 3.621 -0.00677 0.99998
24.457 9590.000 2.896 -0.02424 0.99971
24.130 9600.000 2.162 -0.04096 0.99916
23.639 9610.000 1.441 -0.05676 0.99839
22.996 9620.000 0.753 -0.07145 0.99744
22.211 9630.000 0.117 -0.08490 0.99639
21.296 9640.000 -0.451 -0.09699 0.99529
20.266 9650.000 -0.939 -0.10761 0.99419
19.136 9660.000 -1.338 -0.11668 0.99317
17.922 9670.000 -1.642 -0.12414 0.99226
16.639 9680.000 -1.850 -0.12995 0.99152
15.306 9690.000 -1.965 -0.13409 0.99097
13.939 9700.000 -1.992 -0.13656 0.99063
12.554 9710.000 -1.943 -0.13736 0.99052
11.171 9720.000 -1.828 -0.13651 0.99064
9.804 9730.000 -1.664 -0.13404 0.99098
8.470 9740.000 -1.466 -0.13001 0.99151
7.186 9750.000 -1.250 -0.12446 0.99222
5.966 9760.000 -1.031 -0.11745 0.99308
4.825 9770.000 -0.822 -0.10905 0.99404
3.777 9780.000 -0.633 -0.09932 0.99506
2.833 9790.000 -0.469 -0.08834 0.99609
2.007 9800.000 -0.335 -0.07617 0.99709
1.309 9810.000 -0.230 -0.06290 0.99802
0.749 9820.000 -0.151 -0.04858 0.99882
0.339 9830.000 -0.095 -0.03329 0.99945
0.086 9840.000 -0.057 -0.01708 0.99985
0.000 9850.000 -0.033 -0.00087 1.00000
0.000 9860.000 -0.018 0.00000 1.00000
0.000 9870.000 -0.009 0.00000 1.00000
0.000 9880.000 -0.005 0.00000 1.00000
0.000 9890.000 -0.002 0.00000 1.00000
0.000 9900.000 -0.001 0.00000 1.00000
0.000 9910.000 -0.000 0.00000 1.00000
0.000 9920.000 -0.000 0.00000 1.00000
0.000 9930.000 -0.000 0.00000 1.00000
0.000 9940.000 -0.000 0.00000 1.00000
0.000 9950.000 -0.000 0.00000 1.00000
0.000 9960.000 0.000 0.00000 1.00000
0.000 9970.000 0.000 0.00000 1.00000
0.000 9980.000 0.000 0.00000 1.00000
0.000 9990.000 0.000 0.00000 1.00000
0.000 10000.000 0.000 0.00000 1.00000
0.000 10010.000 0.000 0.00000 1.00000
0.000 10020.000 0.000 0.00000 1.00000
0.000 10030.000 0.000 0.00000 1.00000
0.000 10040.000 0.000 0.00000 1.00000
0.000 10050.000 0.000 0.00000 1.00000
0.000 10060.000 0.000 0.00000 1.00000
0.000 10070.000 0.000 0.00000 1.00000
0.000 10080.000 0.000 0.00000 1.00000
0.000 10090.000 0.000 0.00000 1.00000
0.000 10100.000 0.000 0.00000 1.00000
0.000 10110.000 0.000 0.00000 1.00000
0.000 10120.000 0.000 0.00000 1.00000
0.000 10130.000 0.000 0.00000 1.00000
0.000 10140.000 0.000 0.00000 1.00000
0.000 10150.000 -0.000 0.00089 1.00000
0.088 10160.000 -0.001 0.01742 0.99985
0.345 10170.000 -0.004 0.03390 0.99943
0.763 10180.000 -0.010 0.04935 0.99878
1.330 10190.000 -0.022 0.06370 0.99797
2.036 10200.000 -0.041 0.07688 0.99704
2.868 10210.000 -0.075 0.08880 0.99605
3.815 10220.000 -0.126 0.09940 0.99505
4.862 10230.000 -0.204 0.10861 0.99408
5.995 10240.000 -0.314 0.11637 0.99321
7.200 10250.000 -0.466 0.12262 0.99245
8.461 10260.000 -0.668 0.12734 0.99186
9.763 10270.000 -0.927 0.13047 0.99145
11.088 10280.000 -1.251 0.13201 0.99125
12.421 10290.000 -1.647 0.13193 0.99126
13.745 10300.000 -2.119 0.13024 0.99148
15.043 10310.000 -2.671 0.12697 0.99191
16.300 10320.000 -3.306 0.12212 0.99252
17.499 10330.000 -4.023 0.11576 0.99328
18.626 10340.000 -4.822 0.10793 0.99416
19.666 10350.000 -5.700 0.09871 0.99512
20.605 10360.000 -6.654 0.08819 0.99610
21.433 10370.000 -7.678 0.07648 0.99707
22.136 10380.000 -8.765 0.06369 0.99797
22.706 10390.000 -9.906 0.04996 0.99875
23.134 10400.000 -11.091 0.03543 0.99937
23.413 10410.000 -12.307 0.02026 0.99979
23.538 10420.000 -13.540 0.00459 0.99999
23.504 10430.000 -14.776 -0.01141 0.99993
23.309 10440.000 -15.996 -0.02758 0.99962
22.952 10450.000 -17.187 -0.04302 0.99907
22.509 10460.000 -18.332 -0.04457 0.99901
22.060 10470.000 -19.416 -0.04513 0.99898
21.607 10480.000 -20.430 -0.04546 0.99897
21.151 10490.000 -21.364 -0.04554 0.99896
20.696 10500.000 -22.213 -0.04538 0.99897
20.243 10510.000 -22.974 -0.04498 0.99899
19.796 10520.000 -23.648 -0.04435 0.99902
19.356 10530.000 -24.234 -0.04348 0.99905
18.926 10540.000 -24.734 -0.04238 0.99910
18.508 10550.000 -25.149 -0.04106 0.99916
18.105 10560.000 -25.481 -0.03953 0.99922
17.718 10570.000 -25.729 -0.03780 0.99929
17.349 10580.000 -25.892 -0.03588 0.99936
17.000 10590.000 -25.970 -0.03379 0.99943
16.674 10600.000 -25.962 -0.03154 0.99950
16.370 10610.000 -25.865 -0.02915 0.99958
16.091 10620.000 -25.680 -0.02663 0.99965
15.837 10630.000 -25.406 -0.02401 0.99971
15.611 10640.000 -25.044 -0.02131 0.99977
15.411 10650.000 -24.594 -0.01854 0.99983
15.240 10660.000 -24.059 -0.01572 0.99988
15.097 10670.000 -23.441 -0.01288 0.99992
14.982 10680.000 -22.744 -0.01004 0.99995
14.896 10690.000 -21.972 -0.00721 0.99997
14.838 10700.000 -21.130 -0.00442 0.99999
14.808 10710.000 -20.225 -0.00168 1.00000
14.804 10720.000 -19.263 0.00097 1.00000
14.827 10730.000 -18.252 0.00353 0.99999
14.874 10740.000 -17.198 0.00597 0.99998
14.946 10750.000 -16.112 0.00829 0.99997
15.040 10760.000 -15.001 0.01045 0.99995
15.154 10770.000 -13.876 0.01246 0.99992
15.288 10780.000 -12.744 0.01429 0.99990
15.439 10790.000 -11.616 0.01593 0.99987
15.606 10800.000 -10.500 0.01738 0.99985
15.786 10810.000 -9.407 0.01862 0.99983
15.978 10820.000 -8.344 0.01966 0.99981
16.179 10830.000 -7.319 0.02048 0.99979
16.387 10840.000 -6.342 0.02107 0.99978
16.600 10850.000 -5.417 0.02145 0.99977
16.816 10860.000 -4.552 0.02162 0.99977
17.032 10870.000 -3.751 0.02156 0.99977
17.246 10880.000 -3.020 0.02129 0.99977
17.457 10890.000 -2.361 0.02082 0.99978
17.662 10900.000 -1.776 0.02015 0.99980
17.859 10910.000 -1.267 0.01930 0.99981
18.047 10920.000 -0.833 0.01826 0.99983
18.224 10930.000 -0.475 0.01706 0.99985
18.388 10940.000 -0.190 0.01571 0.99988
18.538 10950.000 0.025 0.01423 0.99990
18.673 10960.000 0.173 0.01263 0.99992
18.790 10970.000 0.259 0.01093 0.99994
18.891 10980.000 0.288 0.00914 0.99996
18.973 10990.000 0.266 0.00729 0.99997
19.037 11000.000 0.197 0.00540 0.99999
19.081 11010.000 0.089 0.00348 0.99999
19.106 11020.000 -0.051 0.00155 1.00000
19.112 11030.000 -0.218 -0.00035 1.00000
19.099 11040.000 -0.405 -0.00223 1.00000
19.068 11050.000 -0.607 -0.00405 0.99999
19.018 11060.000 -0.816 -0.00579 0.99998
18.952 11070.000 -1.029 -0.00745 0.99997
18.870 11080.000 -1.239 -0.00899 0.99996
18.773 11090.000 -1.444 -0.01041 0.99995
18.662 11100.000 -1.640 -0.01168 0.99993
18.540 11110.000 -1.824 -0.01280 0.99992
18.407 11120.000 -1.994 -0.01375 0.99991
18.265 11130.000 -2.149 -0.01452 0.99989
18.117 11140.000 -2.290 -0.01510 0.99989
17.964 11150.000 -2.416 -0.01548 0.99988
17.808 11160.000 -2.529 -0.01565 0.99988
17.651 11170.000 -2.632 -0.01561 0.99988
17.496 11180.000 -2.726 -0.01536 0.99988
17.345 11190.000 -2.815 -0.01489 0.99989
17.199 11200.000 -2.904 -0.01421 0.99990
17.061 11210.000 -2.995 -0.01332 0.99991
16.934 11220.000 -3.094 -0.01221 0.99993
16.818 11230.000 -3.205 -0.01091 0.99994
16.716 11240.000 -3.332 -0.00941 0.99996
16.630 11250.000 -3.480 -0.00773 0.99997
16.562 11260.000 -3.653 -0.00587 0.99998
16.513 11270.000 -3.855 -0.00386 0.99999
16.485 11280.000 -4.088 -0.00169 1.00000
16.480 11290.000 -4.356 0.00060 1.00000
16.498 11300.000 -4.659 0.00301 1.00000
16.540 11310.000 -5.000 0.00552 0.99998
16.608 11320.000 -5.377 0.00811 0.99997
16.703 11330.000 -5.791 0.01075 0.99994
16.823 11340.000 -6.238 0.01344 0.99991
16.971 11350.000 -6.715 0.01614 0.99987
17.146 11360.000 -7.219 0.01884 0.99982
17.348 11370.000 -7.745 0.02152 0.99977
17.577 11380.000 -8.284 0.02415 0.99971
17.831 11390.000 -8.831 0.02673 0.99964
18.111 11400.000 -9.377 0.02921 0.99957
18.415 11410.000 -9.914 0.03160 0.99950
18.743 11420.000 -10.431 0.03386 0.99943
19.092 11430.000 -10.918 0.03599 0.99935
19.463 11440.000 -11.366 0.03795 0.99928
19.852 11450.000 -11.764 0.03975 0.99921
20.258 11460.000 -12.101 0.04136 0.99914
20.679 11470.000 -12.368 0.04277 0.99908
21.113 11480.000 -12.555 0.04397 0.99903
21.558 11490.000 -12.653 0.04495 0.99899
22.012 11500.000 -12.656 0.04571 0.99895
22.473 11510.000 -12.555 0.04623 0.99893
22.937 11520.000 -12.345 0.04651 0.99892
23.403 11530.000 -12.023 0.04655 0.99892
23.868 11540.000 -11.585 0.04634 0.99893
24.330 11550.000 -11.031 0.04590 0.99895
24.786 11560.000 -10.362 0.04522 0.99898
25.235 11570.000 -9.579 0.04430 0.99902
25.673 11580.000 -8.688 0.04316 0.99907
26.098 11590.000 -7.692 0.04179 0.99913
26.508 11600.000 -6.601 0.04022 0.99919
26.902 11610.000 -5.422 0.03845 0.99926
27.277 11620.000 -4.166 0.03649 0.99933
27.632 11630.000 -2.844 0.03436 0.99941
27.965 11640.000 -1.468 0.03208 0.99949
28.274 11650.000 -0.051 0.02966 0.99956
28.558 11660.000 1.393 0.02712 0.99963
28.816 11670.000 2.850 0.02447 0.99970
29.047 11680.000 4.305 0.02175 0.99976
29.251 11690.000 5.745 0.01896 0.99982
29.426 11700.000 7.154 0.01612 0.99987
29.573 11710.000 8.521 0.01327 0.99991
29.692 11720.000 9.830 0.01042 0.99995
29.782 11730.000 11.071 0.00758 0.99997
29.843 11740.000 12.231 0.00479 0.99999
29.877 11750.000 13.301 0.00205 1.00000
29.885 11760.000 14.271 -0.00061 1.00000
29.866 11770.000 15.134 -0.00317 0.99999
29.822 11780.000 15.883 -0.00561 0.99998
29.754 11790.000 16.513 -0.00792 0.99997
29.664 11800.000 17.021 -0.01009 0.99995
29.553 11810.000 17.404 -0.01209 0.99993
29.422 11820.000 17.662 -0.01392 0.99990
29.275 11830.000 17.796 -0.01557 0.99988
29.112 11840.000 17.809 -0.01703 0.99986
28.935 11850.000 17.703 -0.01828 0.99983
28.747 11860.000 17.484 -0.01933 0.99981
28.549 11870.000 17.157 -0.02016 0.99980
28.344 11880.000 16.730 -0.02078 0.99978
28.134 11890.000 16.210 -0.02119 0.99978
27.921 11900.000 15.607 -0.02139 0.99977
27.707 11910.000 14.929 -0.02138 0.99977
27.494 11920.000 14.187 -0.02117 0.99978
27.284 11930.000 13.391 -0.02075 0.99978
27.079 11940.000 12.551 -0.02016 0.99980
26.881 11950.000 11.678 -0.01938 0.99981
26.692 11960.000 10.783 -0.01843 0.99983
26.513 11970.000 9.876 -0.01734 0.99985
26.345 11980.000 8.966 -0.01610 0.99987
26.191 11990.000 8.063 -0.01475 0.99989
26.051 12000.000 7.177 -0.01328 0.99991
25.926 12010.000 6.314 -0.01173 0.99993
25.817 12020.000 5.483 -0.01011 0.99995
25.724 12030.000 4.689 -0.00843 0.99996
25.648 12040.000 3.938 -0.00673 0.99998
25.589 12050.000 3.234 -0.00501 0.99999
25.548 12060.000 2.580 -0.00330 0.99999
25.523 12070.000 1.979 -0.00162 1.00000
25.515 12080.000 1.432 0.00001 1.00000
25.523 12090.000 0.938 0.00157 1.00000
25.546 12100.000 0.496 0.00305 1.00000
25.584 12110.000 0.104 0.00442 0.99999
25.634 12120.000 -0.240 0.00567 0.99998
25.697 12130.000 -0.541 0.00678 0.99998
25.770 12140.000 -0.803 0.00774 0.99997
25.851 12150.000 -1.031 0.00853 0.99996
25.940 12160.000 -1.231 0.00915 0.99996
26.034 12170.000 -1.410 0.00957 0.99995
26.130 12180.000 -1.572 0.00979 0.99995
26.229 12190.000 -1.726 0.00980 0.99995
26.326 12200.000 -1.876 0.00960 0.99995
26.420 12210.000 -2.029 0.00918 0.99996
26.509 12220.000 -2.192 0.00854 0.99996
26.590 12230.000 -2.368 0.00768 0.99997
26.662 12240.000 -2.564 0.00659 0.99998
26.721 12250.000 -2.784 0.00529 0.99999
26.767 12260.000 -3.031 0.00378 0.99999
26.796 12270.000 -3.308 0.00207 1.00000
26.807 12280.000 -3.617 0.00015 1.00000
26.799 12290.000 -3.959 -0.00195 1.00000
26.768 12300.000 -4.336 -0.00422 0.99999
26.714 12310.000 -4.746 -0.00666 0.99998
26.634 12320.000 -5.189 -0.00924 0.99996
26.528 12330.000 -5.662 -0.01196 0.99993
26.395 12340.000 -6.163 -0.01478 0.99989
26.232 12350.000 -6.688 -0.01771 0.99984
26.040 12360.000 -7.235 -0.02071 0.99979
25.818 12370.000 -7.798 -0.02376 0.99972
25.565 12380.000 -8.373 -0.02686 0.99964
25.281 12390.000 -8.955 -0.02997 0.99955
24.965 12400.000 -9.539 -0.03307 0.99945
24.619 12410.000 -10.119 -0.03615 0.99935
24.242 12420.000 -10.690 -0.03918 0.99923
23.835 12430.000 -11.247 -0.04214 0.99911
23.399 12440.000 -11.785 -0.04502 0.99899
22.934 12450.000 -12.298 -0.04779 0.99886
22.442 12460.000 -12.782 -0.05044 0.99873
21.924 12470.000 -13.234 -0.05294 0.99860
21.382 12480.000 -13.648 -0.05529 0.99847
20.817 12490.000 -14.022 -0.05746 0.99835
20.232 12500.000 -14.352 -0.05944 0.99823
19.627 12510.000 -14.637 -0.06122 0.99812
19.006 12520.000 -14.875 -0.06279 0.99803
18.370 12530.000 -15.064 -0.06414 0.99794
17.721 12540.000 -15.203 -0.06527 0.99787
17.062 12550.000 -15.294 -0.06615 0.99781
16.396 12560.000 -15.335 -0.06680 0.99777
15.724 12570.000 -15.328 -0.06722 0.99774
15.049 12580.000 -15.276 -0.06739 0.99773
14.374 12590.000 -15.179 -0.06732 0.99773
13.701 12600.000 -15.040 -0.06701 0.99775
13.031 12610.000 -14.863 -0.06648 0.99779
12.369 12620.000 -14.649 -0.06572 0.99784
11.715 12630.000 -14.404 -0.06474 0.99790
11.072 12640.000 -14.130 -0.06356 0.99798
10.442 12650.000 -13.832 -0.06219 0.99806
9.826 12660.000 -13.512 -0.06063 0.99816
9.227 12670.000 -13.176 -0.05891 0.99826
8.647 12680.000 -12.828 -0.05703 0.99837
8.085 12690.000 -12.470 -0.05503 0.99848
7.545 12700.000 -12.106 -0.05290 0.99860
7.026 12710.000 -11.741 -0.05068 0.99871
6.530 12720.000 -11.376 -0.04838 0.99883
6.057 12730.000 -11.015 -0.04603 0.99894
5.609 12740.000 -10.661 -0.04363 0.99905
5.184 12750.000 -10.314 -0.04122 0.99915
4.784 12760.000 -9.978 -0.03881 0.99925
4.407 12770.000 -9.652 -0.03642 0.99934
4.055 12780.000 -9.339 -0.03407 0.99942
3.725 12790.000 -9.039 -0.03179 0.99949
3.418 12800.000 -8.751 -0.02958 0.99956
3.133 12810.000 -8.476 -0.02748 0.99962
2.868 12820.000 -8.214 -0.02549 0.99967
2.622 12830.000 -7.965 -0.02364 0.99972
2.395 12840.000 -7.727 -0.02193 0.99976
2.183 12850.000 -7.501 -0.02038 0.99979
1.987 12860.000 -7.286 -0.01900 0.99982
1.803 12870.000 -7.082 -0.01780 0.99984
1.630 12880.000 -6.888 -0.01680 0.99986
1.466 12890.000 -6.704 -0.01599 0.99987
1.309 12900.000 -6.532 -0.01539 0.99988
1.158 12910.000 -6.370 -0.01499 0.99989
1.009 12920.000 -6.222 -0.01480 0.99989
0.861 12930.000 -6.086 -0.01481 0.99989
0.712 12940.000 -5.966 -0.01504 0.99989
0.559 12950.000 -5.863 -0.01546 0.99988
0.402 12960.000 -5.779 -0.01607 0.99987
0.237 12970.000 -5.716 -0.01688 0.99986
0.064 12980.000 -5.677 -0.01786 0.99984
-0.120 12990.000 -5.664 -0.01901 0.99982
-0.317 13000.000 -5.680 -0.02031 0.99979
-0.527 13010.000 -5.728 -0.02176 0.99976
-0.753 13020.000 -5.809 -0.02333 0.99973
-0.994 13030.000 -5.925 -0.02501 0.99969
-1.253 13040.000 -6.079 -0.02679 0.99964
-1.531 13050.000 -6.272 -0.02864 0.99959
-1.827 13060.000 -6.504 -0.03054 0.99953
-2.142 13070.000 -6.775 -0.03248 0.99947
-2.477 13080.000 -7.085 -0.03444 0.99941
-2.831 13090.000 -7.432 -0.03639 0.99934
-3.205 13100.000 -7.815 -0.03832 0.99927
-3.598 13110.000 -8.230 -0.04020 0.99919
-4.009 13120.000 -8.674 -0.04203 0.99912
-4.439 13130.000 -9.143 -0.04376 0.99904
-4.885 13140.000 -9.631 -0.04540 0.99897
-5.347 13150.000 -10.133 -0.04692 0.99890
-5.824 13160.000 -10.641 -0.04830 0.99883
-6.314 13170.000 -11.150 -0.04954 0.99877
-6.816 13180.000 -11.650 -0.05060 0.99872
-7.327 13190.000 -12.135 -0.05149 0.99867
-7.846 13200.000 -12.595 -0.05218 0.99864
-8.371 13210.000 -13.022 -0.05267 0.99861
-8.900 13220.000 -13.407 -0.05295 0.99860
-9.431 13230.000 -13.741 -0.05301 0.99859
-9.961 13240.000 -14.016 -0.05285 0.99860
-10.489 13250.000 -14.223 -0.05246 0.99862
-11.011 13260.000 -14.355 -0.05184 0.99866
-11.526 13270.000 -14.403 -0.05099 0.99870
-12.031 13280.000 -14.361 -0.04991 0.99875
-12.525 13290.000 -14.223 -0.04861 0.99882
-13.004 13300.000 -13.982 -0.04709 0.99889
-13.467 13310.000 -13.635 -0.04536 0.99897
-13.911 13320.000 -13.177 -0.04342 0.99906
-14.335 13330.000 -12.607 -0.04130 0.99915
-14.737 13340.000 -11.922 -0.03899 0.99924
-15.115 13350.000 -11.123 -0.03652 0.99933
-15.468 13360.000 -10.210 -0.03389 0.99943
-15.793 13370.000 -9.186 -0.03114 0.99952
-16.090 13380.000 -8.053 -0.02826 0.99960
-16.358 13390.000 -6.816 -0.02528 0.99968
-16.596 13400.000 -5.481 -0.02223 0.99975
-16.803 13410.000 -4.056 -0.01911 0.99982
-16.978 13420.000 -2.547 -0.01595 0.99987
-17.122 13430.000 -0.964 -0.01278 0.99992
-17.234 13440.000 0.682 -0.00961 0.99995
-17.314 13450.000 2.381 -0.00646 0.99998
-17.363 13460.000 4.120 -0.00335 0.99999
-17.381 13470.000 5.887 -0.00031 1.00000
-17.370 13480.000 7.669 0.00265 1.00000
-17.329 13490.000 9.451 0.00550 0.99998
-17.260 13500.000 11.220 0.00823 0.99997
-17.165 13510.000 12.962 0.01082 0.99994
-17.044 13520.000 14.661 0.01326 0.99991
-16.900 13530.000 16.304 0.01552 0.99988
-16.734 13540.000 17.878 0.01760 0.99985
-16.549 13550.000 19.368 0.01948 0.99981
-16.345 13560.000 20.763 0.02115 0.99978
-16.126 13570.000 22.050 0.02261 0.99974
-15.894 13580.000 23.219 0.02384 0.99972
-15.650 13590.000 24.259 0.02484 0.99969
-15.397 13600.000 25.164 0.02561 0.99967
-15.138 13610.000 25.924 0.02615 0.99966
-14.875 13620.000 26.536 0.02645 0.99965
-14.610 13630.000 26.995 0.02651 0.99965
-14.345 13640.000 27.299 0.02635 0.99965
-14.084 13650.000 27.448 0.02596 0.99966
-13.827 13660.000 27.442 0.02535 0.99968
-13.577 13670.000 27.284 0.02454 0.99970
-13.336 13680.000 26.979 0.02353 0.99972
-13.107 13690.000 26.533 0.02233 0.99975
-12.890 13700.000 25.954 0.02097 0.99978
-12.688 13710.000 25.250 0.01944 0.99981
-12.502 13720.000 24.431 0.01778 0.99984
-12.333 13730.000 23.509 0.01599 0.99987
-12.182 13740.000 22.496 0.01409 0.99990
-12.051 13750.000 21.404 0.01211 0.99993
-11.940 13760.000 20.248 0.01006 0.99995
-11.850 13770.000 19.040 0.00796 0.99997
-11.781 13780.000 17.795 0.00584 0.99998
-11.733 13790.000 16.526 0.00371 0.99999
-11.707 13800.000 15.248 0.00159 1.00000
-11.701 13810.000 13.972 -0.00049 1.00000
-11.717 13820.000 12.711 -0.00253 1.00000
-11.752 13830.000 11.477 -0.00449 0.99999
-11.806 13840.000 10.280 -0.00636 0.99998
-11.879 13850.000 9.130 -0.00812 0.99997
-11.968 13860.000 8.035 -0.00976 0.99995
-12.073 13870.000 7.002 -0.01126 0.99994
-12.193 13880.000 6.036 -0.01261 0.99992
-12.325 13890.000 5.142 -0.01379 0.99990
-12.468 13900.000 4.323 -0.01479 0.99989
-12.620 13910.000 3.579 -0.01561 0.99988
-12.780 13920.000 2.911 -0.01623 0.99987
-12.944 13930.000 2.317 -0.01666 0.99986
-13.112 13940.000 1.794 -0.01687 0.99986
-13.281 13950.000 1.339 -0.01689 0.99986
-13.449 13960.000 0.947 -0.01669 0.99986
-13.614 13970.000 0.612 -0.01629 0.99987
-13.774 13980.000 0.327 -0.01568 0.99988
-13.927 13990.000 0.084 -0.01488 0.99989
-14.071 14000.000 -0.123 -0.01388 0.99990
-14.204 14010.000 -0.303 -0.01270 0.99992
-14.325 14020.000 -0.465 -0.01134 0.99994
-14.431 14030.000 -0.617 -0.00983 0.99995
-14.521 14040.000 -0.766 -0.00816 0.99997
-14.594 14050.000 -0.921 -0.00636 0.99998
-14.648 14060.000 -1.089 -0.00444 0.99999
-14.682 14070.000 -1.277 -0.00242 1.00000
-14.696 14080.000 -1.491 -0.00031 1.00000
-14.688 14090.000 -1.736 0.00187 1.00000
-14.658 14100.000 -2.016 0.00409 0.99999
-14.606 14110.000 -2.336 0.00634 0.99998
-14.531 14120.000 -2.696 0.00859 0.99996
-14.434 14130.000 -3.100 0.01084 0.99994
-14.315 14140.000 -3.547 0.01305 0.99991
-14.173 14150.000 -4.036 0.01521 0.99988
-14.011 14160.000 -4.567 0.01729 0.99985
-13.828 14170.000 -5.136 0.01928 0.99981
-13.626 14180.000 -5.742 0.02116 0.99978
-13.405 14190.000 -6.379 0.02291 0.99974
-13.168 14200.000 -7.044 0.02452 0.99970
-12.915 14210.000 -7.733 0.02597 0.99966
-12.649 14220.000 -8.438 0.02724 0.99963
-12.371 14230.000 -9.156 0.02832 0.99960
-12.083 14240.000 -9.881 0.02920 0.99957
-11.787 14250.000 -10.607 0.02987 0.99955
-11.486 14260.000 -11.329 0.03032 0.99954
-11.181 14270.000 -12.041 0.03054 0.99953
-10.875 14280.000 -12.740 0.03054 0.99953
-10.571 14290.000 -13.419 0.03030 0.99954
-10.270 14300.000 -14.076 0.02982 0.99956
-9.975 14310.000 -14.706 0.02911 0.99958
-9.688 14320.000 -15.307 0.02817 0.99960
-9.412 14330.000 -15.876 0.02700 0.99964
-9.149 14340.000 -16.410 0.02561 0.99967
-8.901 14350.000 -16.908 0.02400 0.99971
-8.669 14360.000 -17.370 0.02219 0.99975
-8.457 14370.000 -17.794 0.02018 0.99980
-8.266 14380.000 -18.180 0.01799 0.99984
-8.098 14390.000 -18.528 0.01564 0.99988
-7.954 14400.000 -18.838 0.01313 0.99991
-7.836 14410.000 -19.111 0.01049 0.99995
-7.745 14420.000 -19.347 0.00773 0.99997
-7.682 14430.000 -19.547 0.00487 0.99999
-7.647 14440.000 -19.712 0.00193 1.00000
-7.643 14450.000 -19.843 -0.00106 1.00000
-7.669 14460.000 -19.940 -0.00410 0.99999
-7.725 14470.000 -20.003 -0.00715 0.99997
-7.812 14480.000 -20.034 -0.01019 0.99995
-7.929 14490.000 -20.032 -0.01322 0.99991
-8.076 14500.000 -19.998 -0.01620 0.99987
-8.253 14510.000 -19.931 -0.01911 0.99982
-8.458 14520.000 -19.832 -0.02194 0.99976
-8.691 14530.000 -19.700 -0.02466 0.99970
-8.951 14540.000 -19.534 -0.02726 0.99963
-9.236 14550.000 -19.334 -0.02972 0.99956
-9.545 14560.000 -19.100 -0.03202 0.99949
-9.876 14570.000 -18.830 -0.03416 0.99942
-10.228 14580.000 -18.524 -0.03611 0.99935
-10.598 14590.000 -18.181 -0.03787 0.99928
-10.985 14600.000 -17.800 -0.03942 0.99922
-11.387 14610.000 -17.381 -0.04076 0.99917
-11.800 14620.000 -16.924 -0.04187 0.99912
-12.224 14630.000 -16.427 -0.04276 0.99909
-12.656 14640.000 -15.891 -0.04343 0.99906
-13.093 14650.000 -15.316 -0.04386 0.99904
-13.533 14660.000 -14.702 -0.04407 0.99903
-13.974 14670.000 -14.050 -0.04404 0.99903
-14.414 14680.000 -13.360 -0.04380 0.99904
-14.850 14690.000 -12.635 -0.04334 0.99906
-15.281 14700.000 -11.876 -0.04267 0.99909
-15.704 14710.000 -11.085 -0.04180 0.99913
-16.117 14720.000 -10.264 -0.04074 0.99917
-16.518 14730.000 -9.416 -0.03950 0.99922
-16.907 14740.000 -8.545 -0.03810 0.99927
-17.281 14750.000 -7.655 -0.03656 0.99933
-17.638 14760.000 -6.749 -0.03488 0.99939
-17.978 14770.000 -5.832 -0.03309 0.99945
-18.300 14780.000 -4.910 -0.03121 0.99951
-18.603 14790.000 -3.987 -0.02925 0.99957
-18.885 14800.000 -3.070 -0.02723 0.99963
-19.147 14810.000 -2.165 -0.02517 0.99968
-19.389 14820.000 -1.278 -0.02309 0.99973
-19.609 14830.000 -0.416 -0.02102 0.99978
-19.809 14840.000 0.414 -0.01897 0.99982
-19.989 14850.000 1.206 -0.01696 0.99986
-20.149 14860.000 1.952 -0.01501 0.99989
-20.289 14870.000 2.646 -0.01315 0.99991
-20.412 14880.000 3.282 -0.01138 0.99994
-20.517 14890.000 3.852 -0.00973 0.99995
-20.607 14900.000 4.352 -0.00820 0.99997
-20.682 14910.000 4.776 -0.00683 0.99998
-20.744 14920.000 5.119 -0.00561 0.99998
-20.795 14930.000 5.377 -0.00456 0.99999
-20.836 14940.000 5.548 -0.00370 0.99999
-20.869 14950.000 5.630 -0.00302 1.00000
-20.897 14960.000 5.621 -0.00255 1.00000
-20.921 14970.000 5.521 -0.00227 1.00000
-20.943 14980.000 5.332 -0.00220 1.00000
-20.965 14990.000 5.055 -0.00234 1.00000
-20.990 15000.000 4.695 -0.00269 1.00000
-21.020 15010.000 4.256 -0.00324 0.99999
-21.056 15020.000 3.742 -0.00400 0.99999
-21.100 15030.000 3.162 -0.00495 0.99999
-21.155 15040.000 2.523 -0.00609 0.99998
-21.223 15050.000 1.832 -0.00741 0.99997
-21.304 15060.000 1.099 -0.00891 0.99996
-21.401 15070.000 0.334 -0.01055 0.99994
-21.516 15080.000 -0.454 -0.01235 0.99992
-21.649 15090.000 -1.253 -0.01427 0.99990
-21.802 15100.000 -2.055 -0.01630 0.99987
-21.975 15110.000 -2.847 -0.01842 0.99983
-22.170 15120.000 -3.622 -0.02063 0.99979
-22.388 15130.000 -4.367 -0.02289 0.99974
-22.628 15140.000 -5.076 -0.02519 0.99968
-22.892 15150.000 -5.739 -0.02751 0.99962
-23.179 15160.000 -6.348 -0.02982 0.99956
-23.489 15170.000 -6.898 -0.03212 0.99948
-23.821 15180.000 -7.383 -0.03437 0.99941
-24.176 15190.000 -7.798 -0.03655 0.99933
-24.553 15200.000 -8.141 -0.03866 0.99925
-24.950 15210.000 -8.409 -0.04066 0.99917
-25.366 15220.000 -8.602 -0.04254 0.99909
-25.801 15230.000 -8.720 -0.04428 0.99902
-26.252 15240.000 -8.765 -0.04587 0.99895
-26.718 15250.000 -8.740 -0.04729 0.99888
-27.198 15260.000 -8.648 -0.04852 0.99882
-27.689 15270.000 -8.495 -0.04956 0.99877
-28.190 15280.000 -8.285 -0.05039 0.99873
-28.698 15290.000 -8.026 -0.05100 0.99870
-29.210 15300.000 -7.724 -0.05138 0.99868
-29.726 15310.000 -7.386 -0.05153 0.99867
-30.242 15320.000 -7.020 -0.05145 0.99868
-30.755 15330.000 -6.634 -0.05113 0.99869
-31.265 15340.000 -6.236 -0.05056 0.99872
-31.767 15350.000 -5.833 -0.04976 0.99876
-32.260 15360.000 -5.433 -0.04872 0.99881
-32.742 15370.000 -5.042 -0.04745 0.99887
-33.210 15380.000 -4.667 -0.04595 0.99894
-33.661 15390.000 -4.313 -0.04423 0.99902
-34.095 15400.000 -3.985 -0.04231 0.99910
-34.508 15410.000 -3.688 -0.04019 0.99919
-34.899 15420.000 -3.424 -0.03789 0.99928
-35.265 15430.000 -3.196 -0.03542 0.99937
-35.607 15440.000 -3.005 -0.03279 0.99946
-35.921 15450.000 -2.850 -0.03003 0.99955
-36.207 15460.000 -2.732 -0.02715 0.99963
-36.464 15470.000 -2.649 -0.02417 0.99971
-36.691 15480.000 -2.597 -0.02111 0.99978
-36.886 15490.000 -2.574 -0.01799 0.99984
-37.051 15500.000 -2.576 -0.01483 0.99989
-37.183 15510.000 -2.597 -0.01166 0.99993
-37.284 15520.000 -2.632 -0.00848 0.99996
-37.353 15530.000 -2.675 -0.00533 0.99999
-37.390 15540.000 -2.721 -0.00222 1.00000
-37.397 15550.000 -2.764 0.00082 1.00000
-37.374 15560.000 -2.797 0.00378 0.99999
-37.322 15570.000 -2.815 0.00664 0.99998
-37.242 15580.000 -2.811 0.00938 0.99996
-37.135 15590.000 -2.782 0.01198 0.99993
-37.003 15600.000 -2.723 0.01443 0.99990
-36.847 15610.000 -2.630 0.01671 0.99986
-36.669 15620.000 -2.500 0.01881 0.99982
-36.471 15630.000 -2.332 0.02072 0.99979
-36.255 15640.000 -2.124 0.02243 0.99975
-36.023 15650.000 -1.877 0.02393 0.99971
-35.777 15660.000 -1.592 0.02522 0.99968
-35.520 15670.000 -1.272 0.02628 0.99965
-35.252 15680.000 -0.918 0.02713 0.99963
-34.978 15690.000 -0.538 0.02775 0.99961
-34.698 15700.000 -0.134 0.02815 0.99960
-34.415 15710.000 0.286 0.02834 0.99960
-34.131 15720.000 0.715 0.02831 0.99960
-33.849 15730.000 1.146 0.02807 0.99961
-33.570 15740.000 1.571 0.02763 0.99962
-33.297 15750.000 1.980 0.02701 0.99964
-33.031 15760.000 2.365 0.02621 0.99966
-32.773 15770.000 2.718 0.02524 0.99968
-32.526 15780.000 3.029 0.02412 0.99971
-32.291 15790.000 3.290 0.02287 0.99974
-32.069 15800.000 3.492 0.02150 0.99977
-31.861 15810.000 3.629 0.02003 0.99980
-31.669 15820.000 3.692 0.01847 0.99983
-31.492 15830.000 3.677 0.01686 0.99986
-31.332 15840.000 3.577 0.01520 0.99988
-31.188 15850.000 3.389 0.01351 0.99991
-31.061 15860.000 3.110 0.01182 0.99993
-30.952 15870.000 2.738 0.01015 0.99995
-30.858 15880.000 2.272 0.00851 0.99996
-30.781 15890.000 1.713 0.00692 0.99998
-30.720 15900.000 1.064 0.00541 0.99999
-30.673 15910.000 0.328 0.00400 0.99999
-30.639 15920.000 -0.491 0.00269 1.00000
-30.619 15930.000 -1.386 0.00151 1.00000
-30.609 15940.000 -2.351 0.00047 1.00000
-30.609 15950.000 -3.377 -0.00042 1.00000
-30.617 15960.000 -4.454 -0.00113 1.00000
-30.631 15970.000 -5.574 -0.00167 1.00000
-30.649 15980.000 -6.724 -0.00201 1.00000
-30.671 15990.000 -7.894 -0.00216 1.00000
-30.692 16000.000 -9.071 -0.00211 1.00000
-30.712 16010.000 -10.243 -0.00184 1.00000
-30.728 16020.000 -11.398 -0.00137 1.00000
-30.739 16030.000 -12.522 -0.00068 1.00000
-30.741 16040.000 -13.604 0.00022 1.00000
-30.734 16050.000 -14.631 0.00133 1.00000
-30.714 16060.000 -15.592 0.00264 1.00000
-30.680 16070.000 -16.476 0.00415 0.99999
-30.630 16080.000 -17.273 0.00585 0.99998
-30.562 16090.000 -17.973 0.00773 0.99997
-30.475 16100.000 -18.568 0.00978 0.99995
-30.366 16110.000 -19.052 0.01199 0.99993
-30.235 16120.000 -19.419 0.01433 0.99990
-30.079 16130.000 -19.664 0.01680 0.99986
-29.898 16140.000 -19.784 0.01938 0.99981
-29.691 16150.000 -19.779 0.02205 0.99976
-29.457 16160.000 -19.649 0.02479 0.99969
-29.195 16170.000 -19.395 0.02759 0.99962
-28.905 16180.000 -19.019 0.03042 0.99954
-28.586 16190.000 -18.528 0.03326 0.99945
-28.239 16200.000 -17.926 0.03609 0.99935
-27.864 16210.000 -17.222 0.03889 0.99924
-27.461 16220.000 -16.422 0.04164 0.99913
-27.031 16230.000 -15.536 0.04432 0.99902
-26.574 16240.000 -14.574 0.04692 0.99890
-26.092 16250.000 -13.547 0.04940 0.99878
-25.585 16260.000 -12.466 0.05176 0.99866
-25.056 16270.000 -11.342 0.05397 0.99854
-24.505 16280.000 -10.186 0.05602 0.99843
-23.934 16290.000 -9.010 0.05790 0.99832
-23.345 16300.000 -7.823 0.05959 0.99822
-22.741 16310.000 -6.638 0.06107 0.99813
-22.122 16320.000 -5.463 0.06234 0.99805
-21.492 16330.000 -4.307 0.06339 0.99799
-20.853 16340.000 -3.178 0.06421 0.99794
-20.206 16350.000 -2.083 0.06480 0.99790
-19.555 16360.000 -1.029 0.06514 0.99788
-18.901 16370.000 -0.020 0.06524 0.99787
-18.248 16380.000 0.941 0.06510 0.99788
-17.597 16390.000 1.850 0.06472 0.99790
-16.951 16400.000 2.706 0.06410 0.99794
-16.313 16410.000 3.508 0.06325 0.99800
-15.685 16420.000 4.257 0.06217 0.99807
-15.068 16430.000 4.953 0.06088 0.99815
-14.465 16440.000 5.597 0.05938 0.99824
-13.879 16450.000 6.193 0.05768 0.99834
-13.310 16460.000 6.742 0.05580 0.99844
-12.762 16470.000 7.248 0.05375 0.99855
-12.234 16480.000 7.713 0.05155 0.99867
-11.730 16490.000 8.139 0.04921 0.99879
-11.249 16500.000 8.530 0.04676 0.99891
-10.794 16510.000 8.889 0.04420 0.99902
-10.365 16520.000 9.217 0.04157 0.99914
-9.962 16530.000 9.516 0.03888 0.99924
-9.586 16540.000 9.788 0.03615 0.99935
-9.238 16550.000 10.034 0.03341 0.99944
-8.918 16560.000 10.254 0.03066 0.99953
-8.625 16570.000 10.447 0.02794 0.99961
-8.359 16580.000 10.614 0.02526 0.99968
-8.119 16590.000 10.754 0.02265 0.99974
-7.905 16600.000 10.863 0.02012 0.99980
-7.716 16610.000 10.942 0.01769 0.99984
-7.551 16620.000 10.987 0.01538 0.99988
-7.408 16630.000 10.996 0.01320 0.99991
-7.287 16640.000 10.965 0.01118 0.99994
-7.184 16650.000 10.893 0.00931 0.99996
-7.100 16660.000 10.776 0.00763 0.99997
-7.031 16670.000 10.611 0.00613 0.99998
-6.977 16680.000 10.395 0.00482 0.99999
-6.934 16690.000 10.126 0.00372 0.99999
-6.902 16700.000 9.800 0.00283 1.00000
-6.877 16710.000 9.416 0.00215 1.00000
-6.858 16720.000 8.972 0.00168 1.00000
-6.843 16730.000 8.467 0.00143 1.00000
-6.829 16740.000 7.899 0.00139 1.00000
-6.814 16750.000 7.269 0.00156 1.00000
-6.797 16760.000 6.577 0.00194 1.00000
-6.775 16770.000 5.823 0.00251 1.00000
-6.746 16780.000 5.009 0.00327 0.99999
-6.709 16790.000 4.138 0.00420 0.99999
-6.661 16800.000 3.213 0.00530 0.99999
-6.602 16810.000 2.236 0.00655 0.99998
-6.530 16820.000 1.213 0.00794 0.99997
-6.443 16830.000 0.148 0.00945 0.99996
-6.340 16840.000 -0.952 0.01107 0.99994
-6.221 16850.000 -2.083 0.01277 0.99992
-6.085 16860.000 -3.238 0.01454 0.99989
-5.930 16870.000 -4.409 0.01635 0.99987
-5.758 16880.000 -5.589 0.01820 0.99983
-5.566 16890.000 -6.770 0.02005 0.99980
-5.357 16900.000 -7.945 0.02189 0.99976
-5.129 16910.000 -9.106 0.02371 0.99972
-4.883 16920.000 -10.244 0.02547 0.99968
-4.619 16930.000 -11.353 0.02716 0.99963
-4.340 16940.000 -12.424 0.02876 0.99959
-4.044 16950.000 -13.451 0.03025 0.99954
-3.735 16960.000 -14.427 0.03163 0.99950
-3.412 16970.000 -15.346 0.03286 0.99946
-3.078 16980.000 -16.203 0.03393 0.99942
-2.733 16990.000 -16.994 0.03484 0.99939
-2.381 17000.000 -17.714 0.03557 0.99937
-2.022 17010.000 -18.360 0.03611 0.99935
-1.659 17020.000 -18.932 0.03645 0.99934
-1.293 17030.000 -19.427 0.03658 0.99933
-0.928 17040.000 -19.847 0.03649 0.99933
-0.564 17050.000 -20.191 0.03619 0.99934
-0.204 17060.000 -20.463 0.03567 0.99936
0.150 17070.000 -20.663 0.03493 0.99939
0.494 17080.000 -20.797 0.03397 0.99942
0.829 17090.000 -20.867 0.03280 0.99946
1.150 17100.000 -20.878 0.03142 0.99951
1.457 17110.000 -20.836 0.02984 0.99955
1.747 17120.000 -20.744 0.02806 0.99961
2.018 17130.000 -20.609 0.02610 0.99966
2.268 17140.000 -20.436 0.02396 0.99971
2.497 17150.000 -20.229 0.02167 0.99977
2.701 17160.000 -19.994 0.01924 0.99981
2.881 17170.000 -19.733 0.01668 0.99986
3.034 17180.000 -19.452 0.01400 0.99990
3.161 17190.000 -19.152 0.01124 0.99994
3.259 17200.000 -18.836 0.00840 0.99996
3.329 17210.000 -18.506 0.00552 0.99998
3.369 17220.000 -18.161 0.00259 1.00000
3.380 17230.000 -17.802 -0.00034 1.00000
3.362 17240.000 -17.428 -0.00327 0.99999
3.315 17250.000 -17.035 -0.00616 0.99998
3.239 17260.000 -16.622 -0.00901 0.99996
3.135 17270.000 -16.185 -0.01178 0.99993
3.004 17280.000 -15.720 -0.01446 0.99990
2.846 17290.000 -15.223 -0.01704 0.99985
2.664 17300.000 -14.688 -0.01948 0.99981
2.457 17310.000 -14.111 -0.02178 0.99976
2.228 17320.000 -13.486 -0.02392 0.99971
1.979 17330.000 -12.808 -0.02588 0.99967
1.711 17340.000 -12.073 -0.02765 0.99962
1.427 17350.000 -11.276 -0.02922 0.99957
1.127 17360.000 -10.413 -0.03057 0.99953
0.816 17370.000 -9.481 -0.03170 0.99950
0.494 17380.000 -8.478 -0.03260 0.99947
0.164 17390.000 -7.402 -0.03327 0.99945
-0.171 17400.000 -6.251 -0.03369 0.99943
-0.509 17410.000 -5.028 -0.03388 0.99943
-0.848 17420.000 -3.733 -0.03382 0.99943
-1.185 17430.000 -2.370 -0.03353 0.99944
-1.518 17440.000 -0.942 -0.03300 0.99946
-1.845 17450.000 0.545 -0.03224 0.99948
-2.163 17460.000 2.084 -0.03126 0.99951
-2.470 17470.000 3.668 -0.03006 0.99955
-2.764 17480.000 5.289 -0.02866 0.99959
-3.043 17490.000 6.935 -0.02707 0.99963
-3.305 17500.000 8.595 -0.02530 0.99968
-3.548 17510.000 10.259 -0.02337 0.99973
-3.772 17520.000 11.914 -0.02129 0.99977
-3.974 17530.000 13.545 -0.01909 0.99982
-4.153 17540.000 15.141 -0.01677 0.99986
-4.309 17550.000 16.686 -0.01436 0.99990
-4.440 17560.000 18.166 -0.01188 0.99993
-4.546 17570.000 19.568 -0.00934 0.99996
-4.627 17580.000 20.878 -0.00678 0.99998
-4.682 17590.000 22.083 -0.00420 0.99999
-4.711 17600.000 23.169 -0.00163 1.00000
-4.715 17610.000 24.125 0.00091 1.00000
-4.693 17620.000 24.941 0.00340 0.99999
-4.647 17630.000 25.605 0.00582 0.99998
-4.577 17640.000 26.111 0.00815 0.99997
-4.484 17650.000 26.451 0.01038 0.99995
-4.370 17660.000 26.619 0.01248 0.99992
-4.235 17670.000 26.613 0.01445 0.99990
-4.081 17680.000 26.429 0.01627 0.99987
-3.910 17690.000 26.068 0.01792 0.99984
-3.723 17700.000 25.532 0.01939 0.99981
-3.523 17710.000 24.824 0.02067 0.99979
-3.310 17720.000 23.949 0.02176 0.99976
-3.088 17730.000 22.915 0.02265 0.99974
-2.858 17740.000 21.731 0.02333 0.99973
-2.622 17750.000 20.407 0.02380 0.99972
-2.382 17760.000 18.955 0.02406 0.99971
-2.141 17770.000 17.389 0.02411 0.99971
-1.901 17780.000 15.724 0.02396 0.99971
-1.663 17790.000 13.974 0.02360 0.99972
-1.429 17800.000 12.158 0.02304 0.99973
-1.202 17810.000 10.291 0.02229 0.99975
-0.984 17820.000 8.393 0.02137 0.99977
-0.776 17830.000 6.480 0.02027 0.99979
-0.579 17840.000 4.571 0.01902 0.99982
-0.396 17850.000 2.685 0.01762 0.99984
-0.227 17860.000 0.838 0.01610 0.99987
-0.074 17870.000 -0.953 0.01447 0.99990
0.062 17880.000 -2.670 0.01274 0.99992
0.181 17890.000 -4.299 0.01094 0.99994
0.281 17900.000 -5.824 0.00909 0.99996
0.362 17910.000 -7.234 0.00719 0.99997
0.425 17920.000 -8.515 0.00528 0.99999
0.468 17930.000 -9.659 0.00337 0.99999
0.492 17940.000 -10.655 0.00148 1.00000
0.498 17950.000 -11.496 -0.00036 1.00000
0.485 17960.000 -12.178 -0.00214 1.00000
0.455 17970.000 -12.695 -0.00384 0.99999
0.409 17980.000 -13.047 -0.00544 0.99999
0.347 17990.000 -13.231 -0.00692 0.99998
0.271 18000.000 -13.250 -0.00827 0.99997
0.182 18010.000 -13.107 -0.00946 0.99996
0.082 18020.000 -12.804 -0.01049 0.99994
-0.027 18030.000 -12.349 -0.01135 0.99994
-0.144 18040.000 -11.747 -0.01201 0.99993
-0.267 18050.000 -11.007 -0.01247 0.99992
-0.393 18060.000 -10.139 -0.01273 0.99992
-0.521 18070.000 -9.152 -0.01276 0.99992
-0.648 18080.000 -8.057 -0.01258 0.99992
-0.772 18090.000 -6.866 -0.01217 0.99993
-0.891 18100.000 -5.590 -0.01154 0.99993
-1.002 18110.000 -4.241 -0.01068 0.99994
-1.103 18120.000 -2.833 -0.00960 0.99995
-1.193 18130.000 -1.376 -0.00830 0.99997
-1.269 18140.000 0.116 -0.00679 0.99998
-1.328 18150.000 1.634 -0.00507 0.99999
-1.370 18160.000 3.164 -0.00315 1.00000
-1.391 18170.000 4.697 -0.00105 1.00000
-1.390 18180.000 6.223 0.00122 1.00000
-1.366 18190.000 7.732 0.00365 0.99999
-1.317 18200.000 9.217 0.00622 0.99998
-1.241 18210.000 10.670 0.00892 0.99996
-1.138 18220.000 12.084 0.01173 0.99993
-1.006 18230.000 13.453 0.01463 0.99989
-0.845 18240.000 14.772 0.01760 0.99985
-0.654 18250.000 16.038 0.02062 0.99979
-0.433 18260.000 17.246 0.02367 0.99972
-0.181 18270.000 18.394 0.02673 0.99964
0.102 18280.000 19.480 0.02977 0.99956
0.415 18290.000 20.500 0.03279 0.99946
0.758 18300.000 21.455 0.03575 0.99936
1.130 18310.000 22.341 0.03863 0.99925
1.531 18320.000 23.157 0.04142 0.99914
1.959 18330.000 23.903 0.04410 0.99903
2.413 18340.000 24.576 0.04665 0.99891
2.893 18350.000 25.174 0.04906 0.99880
3.395 18360.000 25.694 0.05129 0.99868
3.919 18370.000 26.135 0.05335 0.99858
4.463 18380.000 26.493 0.05522 0.99847
5.025 18390.000 26.764 0.05689 0.99838
5.602 18400.000 26.945 0.05834 0.99830
6.193 18410.000 27.032 0.05957 0.99822
6.795 18420.000 27.020 0.06057 0.99816
7.406 18430.000 26.904 0.06134 0.99812
8.023 18440.000 26.680 0.06187 0.99808
8.645 18450.000 26.344 0.06217 0.99807
9.268 18460.000 25.891 0.06222 0.99806
9.891 18470.000 25.317 0.06204 0.99807
10.511 18480.000 24.620 0.06163 0.99810
11.125 18490.000 23.797 0.06100 0.99814
11.732 18500.000 22.846 0.06014 0.99819
12.330 18510.000 21.768 0.05908 0.99825
12.915 18520.000 20.562 0.05782 0.99833
13.487 18530.000 19.232 0.05637 0.99841
14.044 18540.000 17.780 0.05475 0.99850
14.584 18550.000 16.212 0.05298 0.99860
15.105 18560.000 14.533 0.05106 0.99870
15.606 18570.000 12.753 0.04902 0.99880
16.086 18580.000 10.881 0.04688 0.99890
16.544 18590.000 8.926 0.04465 0.99900
16.980 18600.000 6.902 0.04235 0.99910
17.392 18610.000 4.821 0.04001 0.99920
17.780 18620.000 2.699 0.03764 0.99929
18.145 18630.000 0.549 0.03526 0.99938
18.486 18640.000 -1.612 0.03290 0.99946
18.803 18650.000 -3.768 0.03057 0.99953
19.098 18660.000 -5.902 0.02829 0.99960
19.370 18670.000 -7.998 0.02609 0.99966
19.620 18680.000 -10.039 0.02398 0.99971
19.850 18690.000 -12.009 0.02197 0.99976
20.060 18700.000 -13.893 0.02009 0.99980
20.252 18710.000 -15.674 0.01835 0.99983
20.428 18720.000 -17.341 0.01677 0.99986
20.588 18730.000 -18.879 0.01535 0.99988
20.735 18740.000 -20.278 0.01410 0.99990
20.871 18750.000 -21.527 0.01305 0.99991
20.997 18760.000 -22.618 0.01218 0.99993
21.115 18770.000 -23.544 0.01152 0.99993
21.228 18780.000 -24.299 0.01106 0.99994
21.337 18790.000 -24.879 0.01081 0.99994
21.445 18800.000 -25.284 0.01076 0.99994
21.553 18810.000 -25.512 0.01092 0.99994
21.664 18820.000 -25.566 0.01128 0.99994
21.779 18830.000 -25.448 0.01184 0.99993
21.901 18840.000 -25.164 0.01259 0.99992
22.031 18850.000 -24.720 0.01351 0.99991
22.172 18860.000 -24.123 0.01461 0.99989
22.324 18870.000 -23.383 0.01587 0.99987
22.490 18880.000 -22.510 0.01728 0.99985
22.670 18890.000 -21.516 0.01881 0.99982
22.867 18900.000 -20.412 0.02046 0.99979
23.080 18910.000 -19.211 0.02221 0.99975
23.311 18920.000 -17.927 0.02405 0.99971
23.561 18930.000 -16.574 0.02594 0.99966
23.830 18940.000 -15.165 0.02788 0.99961
24.119 18950.000 -13.715 0.02984 0.99955
24.427 18960.000 -12.236 0.03180 0.99949
24.755 18970.000 -10.743 0.03375 0.99943
25.103 18980.000 -9.249 0.03566 0.99936
25.469 18990.000 -7.764 0.03751 0.99930
25.853 19000.000 -6.302 0.03929 0.99923
26.255 19010.000 -4.871 0.04097 0.99916
26.673 19020.000 -3.481 0.04254 0.99909
27.106 19030.000 -2.141 0.04397 0.99903
27.553 19040.000 -0.856 0.04526 0.99898
28.012 19050.000 0.368 0.04639 0.99892
28.481 19060.000 1.526 0.04734 0.99888
28.959 19070.000 2.617 0.04810 0.99884
29.443 19080.000 3.638 0.04866 0.99882
29.932 19090.000 4.590 0.04900 0.99880
30.424 19100.000 5.473 0.04913 0.99879
30.915 19110.000 6.291 0.04903 0.99880
31.405 19120.000 7.047 0.04871 0.99881
31.890 19130.000 7.744 0.04815 0.99884
32.368 19140.000 8.387 0.04736 0.99888
32.838 19150.000 8.984 0.04633 0.99893
33.295 19160.000 9.538 0.04508 0.99898
33.739 19170.000 10.057 0.04360 0.99905
34.167 19180.000 10.547 0.04190 0.99912
34.577 19190.000 11.014 0.03999 0.99920
34.967 19200.000 11.464 0.03788 0.99928
35.335 19210.000 11.903 0.03557 0.99937
35.678 19220.000 12.336 0.03310 0.99945
35.997 19230.000 12.766 0.03045 0.99954
36.287 19240.000 13.198 0.02767 0.99962
36.550 19250.000 13.634 0.02475 0.99969
36.782 19260.000 14.076 0.02172 0.99976
36.984 19270.000 14.524 0.01859 0.99983
37.154 19280.000 14.980 0.01540 0.99988
37.292 19290.000 15.441 0.01215 0.99993
37.397 19300.000 15.905 0.00886 0.99996
37.469 19310.000 16.371 0.00557 0.99998
37.508 19320.000 16.834 0.00228 1.00000
37.515 19330.000 17.291 -0.00097 1.00000
37.489 19340.000 17.736 -0.00418 0.99999
37.431 19350.000 18.164 -0.00731 0.99997
37.343 19360.000 18.570 -0.01035 0.99995
37.225 19370.000 18.949 -0.01328 0.99991
37.078 19380.000 19.293 -0.01609 0.99987
36.903 19390.000 19.598 -0.01875 0.99982
36.703 19400.000 19.858 -0.02178 0.99976
36.426 19410.000 20.067 -0.03408 0.99942
36.024 19420.000 20.220 -0.04603 0.99894
35.507 19430.000 20.314 -0.05704 0.99837
34.884 19440.000 20.344 -0.06709 0.99775
34.165 19450.000 20.307 -0.07619 0.99709
33.359 19460.000 20.202 -0.08433 0.99644
32.476 19470.000 20.027 -0.09152 0.99580
31.524 19480.000 19.782 -0.09778 0.99521
30.514 19490.000 19.469 -0.10314 0.99467
29.453 19500.000 19.090 -0.10764 0.99419
28.351 19510.000 18.648 -0.11131 0.99379
27.215 19520.000 18.148 -0.11421 0.99346
26.054 19530.000 17.594 -0.11637 0.99321
24.874 19540.000 16.994 -0.11785 0.99303
23.683 19550.000 16.354 -0.11870 0.99293
22.485 19560.000 15.682 -0.11898 0.99290
21.288 19570.000 14.987 -0.11873 0.99293
20.095 19580.000 14.277 -0.11802 0.99301
18.912 19590.000 13.561 -0.11688 0.99315
17.743 19600.000 12.849 -0.11537 0.99332
16.590 19610.000 12.150 -0.11352 0.99354
15.458 19620.000 11.474 -0.11138 0.99378
14.350 19630.000 10.829 -0.10899 0.99404
13.266 19640.000 10.224 -0.10636 0.99433
12.211 19650.000 9.667 -0.10353 0.99463
11.185 19660.000 9.165 -0.10052 0.99494
10.191 19670.000 8.724 -0.09733 0.99525
9.230 19680.000 8.350 -0.09398 0.99557
8.303 19690.000 8.048 -0.09046 0.99590
7.414 19700.000 7.820 -0.08677 0.99623
6.562 19710.000 7.669 -0.08291 0.99656
5.750 19720.000 7.594 -0.07886 0.99689
4.981 19730.000 7.593 -0.07460 0.99721
4.255 19740.000 7.664 -0.07012 0.99754
3.576 19750.000 7.801 -0.06539 0.99786
2.945 19760.000 7.995 -0.06039 0.99817
2.366 19770.000 8.236 -0.05510 0.99848
1.842 19780.000 8.510 -0.04949 0.99877
1.376 19790.000 8.801 -0.04354 0.99905
0.972 19800.000 9.093 -0.03724 0.99931
0.632 19810.000 9.365 -0.03057 0.99953
0.361 19820.000 9.600 -0.02351 0.99972
0.163 19830.000 9.778 -0.01606 0.99987
0.041 19840.000 9.884 -0.00822 0.99997
0.000 19850.000 9.905 -0.00042 1.00000
0.000 19860.000 9.831 0.00000 1.00000
0.000 19870.000 9.656 0.00000 1.00000
0.000 19880.000 9.379 0.00000 1.00000
0.000 19890.000 9.003 0.00000 1.00000
0.000 19900.000 8.536 0.00000 1.00000
0.000 19910.000 7.988 0.00000 1.00000
0.000 19920.000 7.372 0.00000 1.00000
0.000 19930.000 6.706 0.00000 1.00000
0.000 19940.000 6.007 0.00000 1.00000
0.000 19950.000 5.294 0.00000 1.00000
0.000 19960.000 4.586 0.00000 1.00000
0.000 19970.000 3.899 0.00000 1.00000
0.000 19980.000 3.251 0.00000 1.00000
0.000 19990.000 2.653 0.00000 1.00000
0.000 20000.000 2.117 0.00000 1.00000
